3.993098706592949076e-01,-1.284479548989174047e+00,2.876376877415377509e-01,1.072192287185958381e+00,-5.384879719698950629e-01,-4.821360369030802673e-01,3.024610785556270387e-01,1.361091686861750638e+00,1.777588227629137707e-01,-9.332880777176098819e-02
-6.286481401879668862e-01,-3.568195946084430636e-02,-1.585240089424892584e+00,1.077274658531489182e+00,7.204464043199979018e-02,8.401390624430421505e-01,1.530647154004469046e+00,1.706483430663328305e+00,-9.443119533485327954e-02,5.866965709022369246e-01
1.096947674930770944e+00,1.385931502845018926e-01,1.371316816974879060e+00,-1.449105018445544069e+00,1.258702086543510790e+00,-5.229298647860800564e-01,-3.608739635343857777e-01,4.870506813164129922e-01,6.535371818804650568e-01,9.723670604994766320e-01
7.091403485899141490e-01,1.719288609297299431e+00,4.150931167820646750e-01,4.127724532935208024e-01,-6.990041183656421353e-01,-1.736259115944986386e-01,3.638964439647114912e-01,1.167599958344364586e+00,2.028160573028503055e+00,-5.952797441076935342e-02
1.566754658833092728e+00,1.190159034712366726e+00,6.334289251813596255e-01,-1.894629970183842327e-01,-5.422766585336971090e-01,2.276574392241481171e+00,-2.599140752500496698e-01,-7.397493020937812025e-01,2.101055077620882283e+00,-3.659292521936056697e-01
5.191145548554448874e-01,-7.833485746808953598e-01,1.906544594140463733e+00,6.141754655372491101e-01,2.823489944763716952e+00,-1.877395131895191804e+00,-7.533317934420205031e-01,-2.222746198377939297e+00,-1.277427660373733787e+00,-3.505973023894713436e-01
7.914874748149653971e-01,6.821155989412205356e-01,7.313063414358351721e-01,-1.560817461637703740e+00,1.767153877197291445e+00,-1.865274254160757816e-01,1.935715764212138978e+00,-8.269107745456469871e-01,2.554958574056980236e-01,-3.912641763370636183e-01
-2.113236049000797312e+00,-8.775902678789346822e-01,-2.744476008477580997e-02,6.202871459810808119e-01,1.053608996557535260e+00,3.761019323996037667e-01,-6.557225794431087440e-02,-1.325285560685340203e+00,-7.614432757077779224e-01,9.604362934967216603e-01
2.024957270961771361e-01,2.119519678908566629e+00,3.935688987661690175e-01,-1.117240425565807049e+00,-1.465466523402678911e+00,1.088484314056169300e+00,-1.150613113927361431e+00,-2.701767511032387992e-01,2.843028471591803417e-03,-9.703785238287714332e-01
-3.098602610820610018e-02,5.115297414666880593e-01,-1.863829328745934433e+00,-1.436580297334756340e+00,1.347490826784387474e+00,3.366626386928119330e-01,-8.379533630933273525e-01,-1.165721521779193998e-01,1.474422258255062346e+00,1.770461909234777753e+00
-1.395099930940249200e+00,-7.203555167519122282e-01,3.185304451961969430e-01,8.304991291518086516e-02,4.331209777830585250e-01,-6.753683875718952123e-01,-2.266688346690405864e-01,3.520009639537862167e-01,3.198312244087035405e-01,-6.538421792227936402e-01
2.830304899082090181e-02,-1.010178257747255559e+00,1.651358097551531401e+00,9.514685912532370171e-01,-1.548802513044417184e+00,-9.405736578925154578e-01,8.391592448192706222e-01,-3.428661403894167847e+00,-7.622222826416639174e-01,-1.837347671157874451e+00
1.265822887071936353e+00,2.024770228257649851e+00,-7.924202689313079029e-01,-6.507555358506876830e-01,-4.560635310051156660e-02,-4.916306645672845199e-02,1.626592380736978871e+00,3.390637159078754848e-01,1.191707942514711460e+00,-8.610730445401358901e-01
3.132255932897926587e-01,9.014169461109928783e-01,1.813355746999546936e+00,-5.524511878929715125e-02,-1.089696320315485689e+00,1.161968670698093620e+00,1.302454019971312160e+00,-1.301402046329086515e+00,1.966846041529348721e+00,4.496744992835138843e-01
-5.774986230149321553e-01,3.462130425029167347e-01,1.059371460536570497e+00,9.223100163038981947e-01,-8.222850777031985858e-01,1.190115354494250210e+00,-3.428928866003201348e-01,1.637294665187149612e+00,1.218798605926860956e+00,3.846455436038647147e-01
-1.431571726550777690e+00,-8.037071519807763298e-02,3.375479255368984272e-02,6.158559578532837309e-01,-7.002116171287156021e-01,-1.547454565419406736e+00,-2.144726691797468998e+00,1.914922779025248101e+00,1.742939700299034556e+00,-8.675530452848260188e-01
6.654411592296405331e-01,6.373274842321129396e-01,1.318806475457475091e+00,-1.535377935077994194e-01,-2.680290057900215905e-01,1.037127198463581479e+00,-1.054484036879985709e+00,-8.874571046042410982e-01,-9.311301228064342572e-01,3.305104747387195840e-01
-1.184760010525249818e+00,2.060804445061306944e-01,8.927674143100353676e-01,8.264028985106283143e-01,1.779223039919030636e-01,2.059811129687274742e-02,-1.855442803652898043e-01,9.602236450874909734e-02,-6.877178040530048664e-01,-1.265702482126069395e+00
-8.447061472944081273e-02,1.372384199320272113e+00,9.278777980175333395e-01,3.717502049155738120e-01,2.370820381597391890e-01,-7.442128940692072092e-02,3.926075017238217502e-01,3.771109468226515604e-01,2.543632621311657516e-02,-1.334469203738973375e+00
4.308020012519916397e-01,-4.305075801114272710e-02,-7.714042052350413847e-01,3.199030837274902117e-01,5.505623536202350898e-01,-6.476391980900939593e-01,-2.422050962814838115e+00,-2.893954104914228664e-01,1.645612450168897789e+00,1.372435752244147933e+00
2.069054296584428854e-01,2.218884864730793771e-01,7.122314302375639672e-01,4.852480180746632787e-01,-3.921197014822619953e-01,-4.841275925580981743e-01,-9.286764971237904120e-02,-3.775326837877305275e-01,-4.281464453061915587e-01,-5.367300089220701231e-01
1.508761197849232794e+00,-1.605259435612161889e+00,4.930461590405648131e-01,-1.033828665337480857e+00,1.021095208207033755e-01,-1.922960140474930524e-01,-6.050576732480353881e-01,-7.234038810443323975e-01,3.763334711534200294e-01,6.735954961553383136e-01
-2.415959348514109817e-01,1.867459680545945355e+00,2.836834622171874667e-02,1.251948723856093904e-01,-2.419751187738679032e+00,6.187754909568711215e-01,-1.458632725140369013e+00,-6.636606277428489659e-03,-5.703016666295754877e-01,-5.237867121930515381e-04
2.858634663930897379e-01,7.148969578595449903e-01,-2.671171879111815528e-01,-1.050227045754399402e-01,3.239178570509186339e-01,4.498355593797827012e-01,6.448277209534615251e-01,-6.910952513152683885e-01,1.001030691799182692e+00,2.406372039447224331e+00
1.440296030994237864e+00,2.164027905960228815e-01,-1.525515446284767318e+00,1.030308673261852048e+00,1.843478317771832575e+00,-1.910226494095808303e-01,-4.701640819846387154e-01,-1.039190576706959135e+00,-1.586101103317457017e+00,-1.174787600188887282e+00
1.349014421025964694e+00,7.450975519694644778e-01,-5.949255359772370744e-01,-3.975228544050002921e-01,2.352985595104168048e+00,7.484187300901515849e-01,-7.427386930492531070e-01,-1.492867166042256555e+00,-2.079945767984634486e+00,-1.556360825902110223e+00
-2.013482203379794999e-01,2.124335877830837216e+00,-9.965934659307261467e-02,3.305233484237481978e-01,2.196031266093472975e-02,9.675403701192437922e-02,-2.387290963244160513e-01,1.810892563477332073e+00,6.423472060289762142e-01,-2.477651289193575634e-01
8.479113391160610913e-01,-4.862870036836315912e-01,-9.864902626653974105e-01,5.371887542639246504e-01,-1.732967699636328851e-01,6.041836827498622275e-01,-5.756866803957668699e-01,-5.440562811613662841e-01,-5.079524281216788451e-01,-1.454518943876299319e+00
-5.929396097890342610e-01,-5.692149485683851706e-01,6.668495704687140702e-01,-3.445197176365546454e-01,1.639552557889169648e+00,-9.376984077769947579e-01,-8.985455501011831991e-01,3.058274323744826217e-01,1.446407521945181962e+00,1.357679486656765189e+00
1.387903670928951172e+00,1.774533892984924366e+00,-1.431801147242075301e+00,-8.903381676769999142e-01,-1.460847510939826455e+00,-6.023045224920190455e-01,-7.211864625948881669e-01,-1.288071071271976287e+00,-1.723289590754484513e+00,-1.524341070721297653e+00
-5.071424691714974120e-01,-3.348791930471336498e-01,9.584183279098399399e-01,1.101400904281420567e+00,9.292280516674786828e-01,6.024401462540263097e-01,-4.405190612499721992e-01,-1.211905604981050377e+00,-2.639489362022628405e-01,-1.325168849247962743e+00
-1.223902396935310666e+00,-5.689597949290948753e-01,9.487132688294992455e-01,1.355447518941067964e+00,3.392282075838023991e-01,-2.118842927849382551e+00,1.592115444613110276e-01,-2.313145375351540523e+00,3.877417722213914453e-01,3.183829467527015122e-01
-2.042704399061003873e+00,1.153357354197150020e+00,-3.078541759204834194e-01,-1.009805247633094982e+00,3.376377363417425448e-01,2.777810820356216404e+00,-7.107044084211149304e-01,1.879584144227622877e-01,2.085128597966448005e+00,1.014883977477616606e+00
-1.327396969651585823e-01,-9.611123183176284446e-01,-1.134509902254742464e+00,7.467378567335755113e-01,-6.656315692726156863e-01,-4.133571819231438016e-01,1.141877824063696867e+00,-4.371869863493414998e-01,9.272373789659060783e-02,7.623444736144771028e-01
-5.336649524550904911e-01,-2.607118122053339260e+00,-9.933954150076593770e-01,2.048064185068958931e+00,-1.273383115262395116e+00,-2.734835141923604857e-02,-9.529890515107354576e-02,-4.532860648126284531e-01,8.473067948391136417e-01,9.236361547103824066e-01
9.707264382564073646e-01,-1.181270857048020595e+00,1.313587317548414957e+00,8.353503526633738741e-01,6.686731497538482838e-01,4.028994006805961536e-01,-6.629273505663506594e-01,-9.008222793091175129e-01,3.653384064113059798e-02,-2.184569843798928712e+00
2.749318291846891138e-01,-7.125870510682641434e-01,-4.922957622673394540e-01,1.465108760215465766e+00,7.680781161903016407e-01,3.895089620718245049e-01,-8.163139200918874128e-01,6.204298553295842789e-01,1.046864047713647328e-01,-4.605886898315715294e-01
-1.349567007293231979e+00,-1.580685419835864636e+00,1.314414678463870501e-01,-5.401432163378775408e-01,-5.629382648270360168e-01,7.196379389211802202e-01,-5.129569424575162323e-02,-4.010594632532868964e-01,-1.656945612448123273e-01,1.094388936699753623e-01
-1.512856237313578989e-01,2.517962397336490632e-01,-9.799064124376011264e-01,-1.332274366374555097e+00,-2.861604279792709371e-01,-1.873214252395304813e+00,-3.053918462895633401e-01,-1.036781754379390463e+00,-8.636888281123734634e-01,1.077081681693720761e+00
9.159729520693451477e-01,2.368957754310667407e-01,-4.888157496069203689e-01,1.069468684096937627e+00,-5.743130379668813790e-01,-3.901545523294819295e-01,-2.469872000382102584e-01,-1.807324671634132685e+00,-9.042115605596834360e-01,4.232241348283350968e-01
-9.065096304924852300e-01,2.194070402531299313e-01,-1.494025223833914673e+00,-3.119247926032437269e-03,5.675379873410210108e-01,4.700941606221070712e-01,3.157247848709167082e-01,5.419300510172526675e-01,5.268374003950442308e-01,1.606534382353171475e+00
1.088491138133683561e-01,-1.405812569172246063e+00,-4.269028887207860223e-01,-6.826199970709979636e-01,-1.659211411416371407e-01,1.023334739464560883e+00,-1.009402783070084242e+00,-1.174128009117120008e+00,4.824101312766298499e-01,2.587080746736890591e-01
-1.151332780719411364e+00,4.566828843898366741e-01,-4.511540117549243112e-01,3.355018782045950942e-01,-3.221950719570069177e-01,-5.940146923220570585e-01,1.434655010135304221e-01,3.596630360956352690e-01,8.363643956106925348e-01,3.426279910044787158e-01
8.429524412389933774e-01,-2.091457235983806839e+00,3.583077244495657121e-01,4.047466857263994355e-01,-8.703364990606081708e-01,6.959940512217486219e-01,-5.164191993841450445e-01,-4.580189359687355521e-01,2.189907946921559601e-01,-1.259375151657230463e+00
-1.020117392967438086e+00,1.181355689467008308e+00,-1.316008336001061929e+00,2.202522449745971111e-01,-2.058427950237729509e-01,4.124223193585812020e-01,3.830692436326283423e-01,1.446853300254224539e+00,-5.489992573243074325e-02,-1.649263429262395775e+00
-1.070328499252143906e-01,-1.129367983159210720e+00,-8.352545517351737114e-01,-8.517681866962999448e-01,-8.857167826833753921e-01,-6.761049098836034998e-01,-1.134726797109278262e+00,-4.298194910722100137e-01,-1.022920238568705731e+00,1.576307493282971262e+00
8.184908468081598665e-01,4.771326424168488289e-01,5.541763825779117969e-01,-1.111606860711652045e+00,2.437446179575458727e-01,1.447286695513491095e+00,4.678138868803110584e-01,3.942008665939106260e-01,-1.213964170212419758e+00,2.096288197628553451e+00
-2.961347753548499995e+00,5.637995362930116050e-01,1.855858601561337085e-01,-1.528548361222124896e+00,1.072447407226383209e+00,-5.334053291143704412e-01,-1.691449429418157291e-01,-9.362897181716733908e-01,4.279784859644060191e-01,4.226084560023208314e-01
7.368814423330437569e-01,-1.432136532588230926e+00,1.874212373236820106e+00,1.720986456729149516e+00,-7.084673072017750872e-01,-1.052435916161577500e+00,-2.159314835852859549e+00,-1.143786213256626993e+00,3.536599384522889911e-02,-4.120389264846354704e-01
-1.204779683331738571e+00,-3.880562159790141297e-01,-3.819262814250439786e-01,5.630125342690138757e-01,-1.415303853208908613e+00,1.736550792646890384e+00,-3.482603377635620778e-02,3.068884692455634777e+00,-2.870551386328215049e-01,4.985312902487391562e-01
-1.155207773646194758e+00,3.945663607269552786e-01,-4.302194082252943086e-01,-6.283717088910270587e-02,-9.093098748195047598e-01,-9.447952875368675896e-01,1.135963903788904661e+00,4.117191371318451032e-01,1.982253704879775313e-01,-1.406467612896604713e-01
5.200704217379708005e-01,5.474002024756292606e-01,6.656302311372618297e-01,-5.136755864952754491e-01,-1.534496276949839144e+00,1.738373405609779931e-01,8.418180572016781271e-01,1.081534462659238915e+00,-1.326557002657126949e+00,1.096413379091467410e+00
-1.339198102419568048e+00,-1.229287750573191396e+00,-3.982600833720425504e-01,-5.316321099475608269e-01,3.942084217495993026e-01,-6.924146559586492611e-01,-1.215953584514135599e+00,-4.688456715315629797e-01,1.288829141063962125e-01,-7.370646581393563990e-01
-3.863636549900333339e-01,9.600715852764574176e-01,-6.855614914782339753e-01,4.737540385798722498e-01,5.004126627015843543e-01,-1.890116572865087941e+00,-5.636394553822192677e-01,-1.333127679406656885e+00,-1.089715924127324209e+00,-3.469016957052106775e-01
6.107572464685178115e-01,8.045523427322101573e-02,-2.074316039661928956e-02,8.094056730653775844e-01,5.161489889174851742e-01,-3.790609782431785812e-01,3.315699814641772658e-01,-7.472774124732716183e-01,-1.268091906917087952e+00,-4.188881430604849965e-01
8.616045531688185655e-01,9.193220763924112582e-01,-4.788608670414112312e-01,2.710969994905318980e+00,-2.776985470337928419e+00,-2.277553001736938587e-01,-1.352103642356398794e+00,-5.158903559599182786e-01,7.374113133208660686e-01,4.549878060046979034e-01
-1.513344967698634580e+00,-6.592210363074316737e-01,1.681665146389413446e+00,-5.849180965471977300e-01,1.478341487908548135e+00,3.878877407977344705e-01,-9.442131539132490037e-01,-1.668189727139446077e-01,6.222749227046989878e-02,-4.038015487221441879e-01
1.156325279125398398e+00,-1.017108762993242967e-02,1.516740165503953186e+00,-1.711476087528137402e+00,5.312317449830952221e-01,-3.899719031712072237e-01,6.405029121183388741e-01,2.367737979263131731e-01,-1.731278532888149257e+00,4.156385039306206841e-01
1.966521168558304222e-01,1.269837380381277914e+00,-9.127023288505199394e-01,1.914585046676388347e-01,-1.015154110728568593e-01,5.648064812359075981e-01,-1.029339644449951630e+00,3.629576339010335828e-01,-2.211337288046749949e-01,5.765225242207564493e-01
-9.455946939072501500e-01,3.574976722741720070e-01,-7.926454294846895232e-01,-6.025789238127936542e-01,1.125910939733992144e+00,7.096821438779725710e-01,-6.034375002720930858e-01,-1.276175407814179374e+00,-7.525782689444392159e-02,-2.458241655340644705e-01
2.450262078965806667e-01,3.214053450010055935e-01,-1.576785104622347999e+00,2.103764133179958140e+00,1.147779847256800823e+00,-2.882146346616230925e+00,7.138546546923106861e-01,-1.090519451838299902e+00,-7.884045230870982968e-01,-7.210524525969814851e-03
-1.372773301791093692e-01,5.441926415920265159e-01,-5.752950909924704481e-01,6.931482194797511376e-01,2.486065219263054737e-01,5.632838448728972880e-01,-8.941593058237349290e-01,8.609607375590836442e-01,-2.481324651325111486e+00,6.928341283676209272e-01
8.649379162705040924e-01,9.922443350167926834e-02,4.064735280678650753e-01,-5.289089596795591985e-01,4.782197744638116421e-01,1.088409217022309750e-01,8.180865986999696915e-01,-3.202299822063071622e-01,2.869401733824443190e-01,6.207376669289497162e-01
-4.856851325131121278e-01,-3.749125317552487457e-01,-7.892258529984075288e-01,-1.374257406416788063e+00,1.118761851275278607e+00,-3.364176221029636094e-01,8.085771281586772163e-01,2.715079277784559597e+00,-1.909142708055240889e-01,1.054316428727020138e+00
-1.655018019717806599e-01,-9.242134175875610369e-01,1.330732472872461658e+00,9.326844649753553984e-01,9.354304824993551204e-01,6.806318148837454673e-01,7.113613218297618612e-01,-1.475341971769375538e-01,-9.761158433013202851e-01,-6.433323944265012528e-01
-3.251900146729292621e-03,-3.090768989723374771e-01,4.467589485608298716e-01,-1.585012249089123304e-01,-4.688954743983645423e-01,-2.599927980427524377e-01,-1.602340889168824667e+00,-9.601807707913492251e-01,8.107183441501371324e-02,-1.967078236653367618e-01
4.335212620385078819e-01,1.160010602235838739e+00,-1.819215651688725066e-01,-6.387988344928309248e-01,-4.798158768369940597e-01,1.067864366053242087e+00,1.365126868394827664e+00,-3.202101825663258849e-01,-5.041759439579425184e-01,-1.278080839245601119e+00
4.046419194033653577e-01,8.666806295410938166e-01,-4.536832327178824120e-01,-2.797524532276846609e-01,-1.054294846439745442e-01,-7.615473628447756715e-02,8.901881408577986265e-01,9.970660497510414055e-01,1.386129034807722649e+00,7.007300952173967090e-01
-7.069365274697591017e-01,-6.689713431466337568e-01,4.079224685527060856e-01,-4.583208667128603475e-02,-9.416241569003169776e-01,-5.817337180667070395e-01,-7.445934956929401993e-01,1.639148593639708329e+00,-6.760090157181695147e-01,-8.359582446268589706e-01
1.301133010481261509e+00,2.482458817665760820e-01,-5.767782182711022054e-01,4.387775436902164872e-01,4.153167415349644509e-01,1.514990010527884179e+00,-2.003562024611666104e+00,8.346525156790812749e-01,-7.428599647969257314e-01,5.799828720359738732e-01
-1.310908123047741958e+00,1.154331372761768226e-01,-1.539457673393865300e-01,-1.061210746569836827e+00,-1.015667811205158699e+00,5.688253192172895156e-01,-2.602209132555426963e-01,-7.588937133798913104e-01,8.145515532627431998e-01,1.503976588811208881e+00
-5.107460833477441842e-01,-9.234412176023427676e-01,1.779934724239831789e+00,6.313078377710448219e-01,-1.706609472549143858e+00,3.598857666121300647e-01,6.009496337991684367e-01,8.320579677632184978e-01,-9.299825797762517610e-01,-9.153347013412255206e-01
1.149116685033011676e+00,2.169645650633123812e-01,-4.623311086884986931e-01,4.266838441459805953e-01,-7.036484585077766585e-02,1.149416591627561823e+00,-5.836134410918991308e-03,-1.009044062389055751e+00,-1.916385892644222100e+00,-8.142867574455404656e-01
-1.079648977890524719e+00,1.479410598727567638e+00,-5.840210171258919392e-01,1.769242862464346810e+00,-3.921493966009729770e-01,1.852148717146084866e+00,4.212046423459680500e-01,1.302803738776366460e+00,1.685282898850242253e-02,-8.739409480967151866e-01
1.464373526992347685e+00,2.227825606911661704e-01,-4.336417142114954992e-01,-7.759420749987308019e-01,6.239083143370376394e-01,-2.043079260603886560e+00,-5.599474785330878224e-02,-6.273180882153547300e-01,1.639100757695618471e-01,-5.624316955704572463e-01
5.278092224124364407e-01,-2.956126483875296529e-01,-1.341963629929448176e+00,-2.157416315071813140e-01,-2.273454872656799353e+00,-1.252348841350995556e+00,-1.060092964764702828e+00,-1.131475326658275327e+00,-2.376518959221541050e-01,-8.909442538548413282e-01
-5.064291616367775362e-01,-4.754962857915016050e-01,-6.985571092231701584e-01,6.943918779992804824e-01,-9.584916141403246881e-01,1.927864847125255188e-01,1.013548806717564865e+00,1.638079375946866367e+00,1.789485018156630192e+00,4.335898213200889417e-01
5.855182669967365916e-01,-1.152170596709529482e+00,1.314655931472690664e+00,1.508864476106907659e+00,-5.612398649926423344e-01,-5.649692812906892403e-01,1.233524020555550882e+00,-1.122073077048937995e+00,-3.491078209639544155e-02,5.621280926485042878e-02
-5.207075822790013797e-01,1.211965513057603250e+00,-1.043211628164925492e-01,1.084544743758295349e+00,-9.283675886151948609e-01,-1.230773817067653209e+00,3.098650552972532779e-01,1.511429937863053130e+00,-4.696374440629255131e-01,1.531547594150390434e+00
-1.575772630076424541e+00,1.242833755694150444e+00,2.838965873659470840e-01,1.806729877355822023e+00,-5.107351767550317723e-01,4.742841666310601001e-01,1.190847295747363033e+00,-1.765450689845784460e-01,-3.352307850313397952e-01,-1.140062848707713572e+00
-2.348676907919203805e-01,-3.096584890050073091e-01,-2.847377280481488970e-01,-1.641612464501302771e-01,6.008885009815652101e-01,-4.638881177694324509e-01,-8.476701086077013114e-01,-6.431683413221047640e-01,3.906693846000547365e-01,-4.269326158328856646e-01
-8.091597188871972879e-01,-5.425195733452872204e-01,1.360388211826278893e+00,1.385592376337538845e+00,-1.095650663872600683e+00,-7.487075037482542328e-01,8.090160434075635010e-01,-1.815722307913860967e-01,-1.209029568224112339e+00,-6.607594584319582687e-01
-2.238638859151979854e-01,-1.227191672035950143e+00,1.459887715634090311e-01,-2.347084986228730852e+00,1.380291770340459460e-02,-8.755392821282481988e-03,-2.439683474927404894e-01,-5.995373619770602014e-01,1.040300739080823433e+00,-8.773341709078090744e-01
7.606725371794558210e-01,-5.089893414272823602e-01,-1.083319615487015719e+00,1.451183879511927177e+00,6.085745567903650538e-02,-6.322594516668883502e-01,3.813655901422577932e-01,-2.743248841891818390e+00,9.613698624046382868e-01,-1.111231626901548308e+00
5.048128865541002819e-01,1.927936839906389532e-01,-7.164278411677917902e-01,1.350204294167933528e+00,4.086445434597405502e-01,-1.359175098286172112e+00,-7.775443628820717656e-02,-2.276612959750452081e+00,-5.502551244773672412e-01,-2.945748459807573938e-01
-1.637375393956872927e+00,1.439189270173479029e-01,8.765831859959295480e-01,3.331712833585157019e-01,1.112651524008829940e+00,-4.596506745569775565e-01,7.147903546609054581e-01,-3.215441650472594670e-01,-2.368186186647594782e-01,-1.297012261389411725e+00
1.601918690440133908e-01,6.243665378893152873e-01,-6.829840572532173137e-01,-1.739417827601092315e+00,7.246908610639453130e-01,-6.843636995956534630e-01,-1.472834307096059669e+00,-1.176347158719867059e+00,-3.191119404405873272e-02,2.176865647342345778e+00
-8.123933187932172451e-02,-1.096527564825602985e+00,1.455114904833813450e+00,1.164826337213911156e+00,-7.412131606323039135e-01,-1.094584544165535300e+00,4.161596350440324721e-01,-2.659025794415943444e-01,1.537825285723823043e+00,6.394568309410131324e-01
-1.670526367547544300e-01,-9.690762992650171492e-01,1.292805088962412086e+00,-2.098667762705888062e+00,-7.467895483868294271e-01,-6.094291980421070454e-01,-6.670499607647499829e-01,9.840342623720212956e-01,-1.338197532059647588e-01,2.632092872270567430e+00
-2.140902787032294530e+00,-8.954487357356203381e-01,-4.940405573462590683e-01,-9.878640320307239264e-01,-1.935444773376566452e-01,6.523138389521389024e-01,1.761029953175436757e+00,-6.378899252463947622e-01,1.552906275601580177e-01,-1.398251153862701157e+00
-8.067910233506648821e-01,5.996531388640509164e-01,-8.967446998025081495e-01,8.238544249326713587e-01,-4.343840789334196817e-01,-1.101557612424670429e+00,-7.714490265988880324e-01,-5.658734952742265900e-01,-1.919874439657072163e-01,8.914823865723803253e-01
-1.483721704804487729e+00,4.093290609359150345e-01,-1.611548868539892654e+00,9.563990169337750757e-02,-2.438577906166046472e-01,8.260736041952766451e-01,8.394761753871838872e-01,5.051939108992988814e-01,-1.032059600538058619e-01,-1.344920672552541718e-01
-1.463031867622530680e+00,-9.446080782865911019e-01,-4.863679487402058910e-02,-1.089925309986438551e+00,-2.043098698059725216e+00,8.455197841615280652e-02,4.661589449050281275e-01,4.558130922216098724e-01,5.377651446217885933e-01,5.593394159763798168e-01
2.211428727737313749e-01,-4.268911929614596645e-01,-2.044607351079033020e-01,-4.086395495250462195e-01,-3.573065282587215563e-01,9.888917140020607732e-01,-2.133127674274626906e-01,1.325288617079765363e-01,1.743028612594808457e+00,-1.020368372026482895e+00
8.835054398528332520e-01,-1.494548669074225788e+00,3.590229783517775997e-01,6.316779289364848893e-01,2.065372320804065076e+00,1.295279724266299448e+00,-5.543185044384865146e-01,-2.360601612216219003e+00,2.412248502416371121e+00,1.117213257188222730e+00
3.873928518614727090e-01,5.201157478355400432e-01,-1.217911076208306076e+00,8.365086071441649729e-01,-3.667242013794706490e-01,-2.226847002526866626e-01,-1.744397763511619792e-01,2.037921469214261372e-01,2.270711492180732982e+00,-5.071236499729981917e-01
-1.063838235976906077e+00,-1.978336801801892225e-02,-1.065242988663087864e+00,-2.573905339434716666e-01,1.503965325740802828e-01,-6.449290086102298369e-01,-7.962897198891484285e-01,-1.369850844934722978e-01,-8.485538153158312946e-01,-9.526118753963093155e-01
9.146481250703183963e-02,2.559966252987466162e-01,-4.604617789871113809e-01,-1.655576030311668667e+00,-2.064600588205280085e-01,-1.299258429042531304e-01,-7.793097931690421420e-01,8.082846782908351679e-01,3.737533782617417089e-01,-5.501758583505337308e-01
-1.312509620212131578e+00,8.232786563692947590e-01,-7.443139596855423701e-01,2.922440984758275379e-02,6.511236470495869177e-01,4.843464837779127286e-01,-1.371771739605078810e-01,1.223845824014475892e-01,1.115086278630712247e-01,-1.568035569579495636e+00
1.800215880529630219e+00,6.461192079821965750e-01,-9.300324895662598346e-01,-1.358202539369712358e+00,-7.116667079535079488e-01,1.740050950818413100e-01,6.105726055839578725e-01,-1.279087286944401214e+00,-6.839721812099807119e-01,5.936048160678919494e-01
-2.025119429837976548e-01,-7.158534174181989673e-01,-3.086617773740355508e-01,-1.256818619904991552e+00,1.428666151752786773e+00,-7.116336916794894218e-01,2.023054664454465579e-01,-2.974892722559626668e-01,-1.019261132403037839e+00,-9.416761364811919721e-01
-6.244739385391554626e-03,-1.567038671900889413e-01,4.953343990318423429e-01,-1.234446352202573483e+00,1.140506993109984046e+00,-1.880783817006597691e-01,-5.824762287448911335e-01,-1.128194234417311037e+00,9.293877540830530748e-01,1.461872697772969465e+00
9.276437713319318767e-01,7.216753362603259836e-01,4.306971517625935997e-01,8.475052709133572282e-02,6.988975061784322707e-01,-6.655841296314289890e-01,4.516717202353722205e-01,-1.062896772111992849e+00,-1.016622952874850494e+00,-3.905821971567525752e-01
-8.968073789259802808e-01,-1.794721986535833036e+00,1.153755252035230661e-01,-1.829286195782173566e-02,1.734798245490371871e+00,1.821547342751993037e+00,1.419831275185740926e+00,1.465086780912177478e+00,1.721951103155075602e+00,1.127882978941554093e+00
2.813202714381449199e-01,-3.817241032790767985e-01,1.399853257656113348e+00,6.519301111733462051e-01,1.162619522290155027e-02,-8.040190961971813710e-01,1.732932112671943026e+00,1.072520157114417394e+00,-6.570816385878902599e-02,-9.126534792027461984e-01
1.993432722859049822e+00,1.279494962732823815e+00,-1.579953065195833561e+00,1.497873463331097055e+00,-1.149896499473850975e+00,1.837865832620517725e-01,1.325711686830547409e+00,-9.264287385677687503e-01,1.011525806536992256e-01,1.519210057720612184e-01
-2.497609945502670681e-01,1.515341031277038120e+00,-7.397374420978263254e-01,-4.626133790955608283e-02,1.713572013706289976e+00,-2.925743315073136230e+00,1.981353751650309081e-01,3.352757348660471287e-02,1.593134667421251902e-03,1.454320251716112677e+00
-4.985762317470469052e-01,-1.171636412912518743e+00,1.586796989650495759e-01,-1.494675530457888479e+00,-5.953321069532855336e-01,-4.067846751660593174e-01,5.225289544097689864e-01,-1.063028078255366798e-01,2.920897071860262262e-02,-5.703216742160184261e-01
8.997540968043323817e-01,7.979271175771621705e-01,-3.290173436649248551e-01,-1.550752789019164357e+00,-1.708794585255142051e+00,-1.565394217265253296e+00,-3.574720653544133375e-01,-1.281673333976303675e-01,-6.361429219420572378e-01,1.154705966488694058e+00
-4.185757131521349317e-01,-1.889907497258239921e+00,4.168334458043163049e-01,-2.834617370010224846e+00,6.819444251060662321e-01,1.527290461540063704e-01,-1.625837460701902604e+00,-1.254057353717548784e+00,6.395388596278883675e-01,7.866927917705595075e-01
-9.265017862566407025e-01,1.302418066013996123e+00,4.989256454438272814e-01,-1.232389210173432170e+00,-9.781980227251510507e-02,-6.336009366900676731e-01,6.234473039604419148e-02,-5.586199136373780627e-01,-4.822650887937702247e-01,-1.059556010500599443e+00
-7.683607890253908723e-02,-2.612808980552041097e-02,-1.562324740957302671e+00,1.547296283107583159e-01,6.267214507498451992e-01,-5.010121403221580172e-01,9.367514282529524339e-01,7.513296116192803575e-01,-6.011237543137668560e-01,5.829431641227503791e-01
-2.185552793799575788e+00,7.002554946120104207e-01,-5.982270182790248025e-01,2.127144394481147227e+00,-1.124567124157929587e+00,6.411164566601390558e-02,2.932429358057469515e-01,-2.488125151724367157e-01,1.197218234815581095e+00,-1.595906644963737797e+00
-1.741638779093129530e-01,4.987043100825552799e-01,-4.626744948352448650e-01,-1.474186228132259080e+00,5.767002166270386310e-01,-4.088878162183675058e-01,-4.151816000584506727e-01,-2.932932065769457142e-02,8.102422828226791829e-01,-1.505765935988211845e+00
1.885316631570590207e-01,1.320497344371921011e+00,2.556151540624329588e-01,4.893754215351913683e-01,-5.452841502311221999e-01,-6.304719673524495915e-01,5.257290547695150362e-01,-8.310484128918891322e-01,6.762857678581172260e-01,-5.373266598710024766e-01
1.415065330226880524e+00,6.594648699076536280e-01,-7.921537204865445325e-01,-1.412338400268486338e-01,1.089447486357947081e+00,5.572145864111875957e-01,1.078356062533008419e+00,1.253989307529301545e-01,-1.301450916842273320e-01,1.221116556762643357e-01
7.389729851003190575e-01,-9.045880989675442185e-01,-9.307829415008236906e-02,-7.286076697878728359e-01,-2.979922162428923493e-01,-8.868232815113130663e-01,5.194529935961915701e-01,-1.721542129113305952e+00,-1.568212895316282385e+00,-3.782261486115853777e-01
1.124580481660211601e-01,-2.414713191614347387e+00,9.602261268585371434e-01,1.178617617689278863e+00,7.717919655801975809e-01,7.908640555971009622e-02,-2.511133589618393946e-01,-1.606706741861938292e+00,-1.616142440054741947e+00,5.551327054419340490e-01
2.265818827012867853e+00,2.059400182184920602e+00,1.570073190791757001e-01,9.542724822078864078e-01,3.645266972953200568e-01,3.973416071593485754e-02,-1.109474954979320777e-01,8.889931145933872569e-01,8.553991796430588934e-01,3.894954632236434788e-01
-7.614934320478996543e-01,-1.007022826943029248e+00,-1.369814792743541343e+00,-6.695159605486702969e-02,-7.750247556005174232e-01,-5.784901521914993516e-01,7.624848965600712347e-01,3.947582674866185193e-01,4.768401808572593215e-01,7.981734393083908530e-02
4.093944129628571127e-01,4.058431934683031095e-01,1.833785990341118832e-01,6.258051722915427550e-01,2.796840298212496800e-01,-4.928675805477483185e-01,5.996454021571998583e-01,-7.184666581514951300e-01,-7.545465588182298511e-02,-1.260283747655264408e+00
-1.690502186084930747e+00,2.186525946545929244e+00,-1.990343767462056379e-01,5.177381149456297127e-01,-1.666038091927122822e-01,-4.588433659203222104e-01,-2.114314943685522419e+00,-3.755301303463096096e-02,2.769354032341208027e-01,4.626977209178925188e-01
2.113320516143803118e+00,3.758701584922530814e-01,1.502027663978282135e+00,-2.790037011441368175e+00,1.914289663665889318e-01,1.387971590935355826e+00,-6.916817453859669396e-01,-4.370884946755854150e-01,3.250236137004147152e-01,2.129278429573221665e+00
-1.538415242441017183e-01,-1.201526989905468273e-01,-6.569011227264456299e-01,-1.000363357197021630e+00,1.080544214931294711e+00,-1.042565366387770753e+00,-1.036898396241465736e+00,8.733949413830823794e-01,-8.292305707707667284e-02,1.408494380744254038e-01
-7.182024019518242763e-01,2.971139132675110206e-01,3.080393693406474620e-01,-9.032064200896791073e-01,1.797275437267548681e-01,-8.680206440792915812e-01,-2.230112798746817782e-01,5.583505046016744577e-01,-1.762447488911256244e-01,8.157444505902778920e-01
4.951070961241350044e-01,-7.227073547765938688e-01,-4.158846253447325003e-02,-4.807026377475256962e-01,-7.025246165303834500e-01,-4.500119156233637896e-01,-1.697084863002221167e-01,7.945873609991924713e-01,5.144743675905589786e-01,-9.095500467826392321e-02
-2.365111511604165717e-01,-1.343094328474105925e+00,2.740802774461158497e-01,-8.129664719991019917e-01,1.114926015096872947e+00,-2.074216862067715106e-01,1.837060587270434864e-01,-1.752385051216385659e+00,-1.076751124366069901e+00,2.382145863937867869e-01
-9.329803683082162902e-01,-2.102814054489614004e-01,2.260835758815265439e+00,-1.667030204964972784e+00,1.561900814952502103e-02,-7.825990530760958963e-01,-6.809525175256411211e-01,3.287540103113485990e-01,-8.303352428609572788e-01,1.477186347251356002e+00
-1.288251974067782912e+00,-4.080620476376325412e-01,-7.212366853087724961e-01,2.428235590983097714e-01,-8.752893043061019118e-02,5.697939942666773172e-01,-6.871615844730340206e-02,8.823666090999844336e-01,-1.246586756943651952e+00,1.698078645994150371e+00
-5.568444895481712287e-01,-5.503673298390966417e-01,-1.448496722519608537e-01,4.566512915691111618e-01,-8.203639743351590630e-01,7.764092772293237910e-02,5.204614871567467826e-01,1.256806396611186205e+00,-7.998271014842682769e-01,1.365727420305545836e+00
-1.800491960542268899e+00,-1.720394280445721513e+00,-6.167001387211034080e-01,-2.103775670905483341e+00,1.181947676536235337e+00,8.726278101754133543e-01,8.159057895545179795e-01,-2.517271253467156522e-01,-1.041679626178611873e+00,-7.472697098134716276e-01
1.752000916853843959e+00,-2.893952780038571149e-01,1.195379897781237322e+00,6.650339139051482107e-01,6.914356205605550754e-01,-4.146587523663719521e-02,1.530166038994016153e+00,4.779436845647904164e-01,-2.364980085990119330e-01,-1.935919954478272365e-01
-5.806276012022506539e-01,-1.769056657998998860e-01,8.391844991059564662e-02,-1.486325930602621304e+00,1.094334190491536907e+00,-6.034204480575530161e-01,-3.456572440328372631e-01,-5.385766174350385960e-01,8.864063960821773058e-01,-1.449998644572984885e+00
-1.017609138014343717e+00,-1.114090738285052229e+00,-7.973810897165100053e-01,5.867353986109137276e-01,-1.227315090790342955e+00,1.330988362445694628e+00,-1.155629070031819028e+00,-6.078417115510166280e-01,-1.707203533347346758e-01,8.573442038545996124e-02
-1.422934921724839930e+00,-4.883992242758651847e-01,1.055887006904730925e-02,1.856790792696619397e+00,6.336607759209765822e-01,9.814887176125317580e-01,-1.295876863609254359e+00,-2.926726430186876726e-01,1.601164268249198608e-01,-3.620044742176594110e-01
-2.085906697367126694e-01,-9.562383688884049660e-01,-1.655551310513238450e+00,6.899311723007606201e-02,1.669867292822200255e+00,-1.445943522593494235e+00,-8.681008132692752399e-01,1.267237529958282316e+00,1.852131755902663768e+00,6.455172506668693799e-02
1.376124087360423465e+00,6.176206102800230191e-01,3.598340929700555857e-01,4.083261321314410330e-01,1.340579672951788259e+00,-2.260048029091121236e-01,1.091459759188104089e-01,8.664653818415017916e-01,3.495987979439610926e-01,-4.163167461359214561e-01
-9.703757011871636529e-01,-3.619821609160491782e-01,-1.111917948222443053e+00,2.673260582677377400e-02,-7.621081442062258016e-02,-1.945346706913398949e-01,-9.869000957247403560e-01,-1.358779820492695523e+00,1.255412415234525181e+00,9.506892980017964123e-02
-1.015318050498923652e+00,-5.977099590640980731e-01,-2.689259203831961376e+00,-4.389549944953130001e-01,1.087226351452930811e-02,-1.388891102698603275e+00,-1.234015187250823820e+00,-3.872291983709164054e-01,-3.147714054661165939e+00,2.408890835479575443e-01
4.894028696472651485e-01,-1.197542290357433314e+00,8.146478395252134685e-01,3.121704917093491294e-01,5.811157316002194539e-01,-7.953832966562346396e-01,1.046720633544064194e+00,2.958708283843445308e-01,-1.156121085068412269e+00,6.490944876837853421e-03
-6.879219033178841647e-01,1.285969499287468176e+00,-7.585306463893488615e-01,3.242228445092413397e-02,9.998065199569926564e-01,-1.989511554993727005e-01,-8.564536100287268860e-01,1.381061937775521553e+00,-1.190754072788246631e+00,2.296248776669538028e-01
1.007114667198418578e+00,-1.405471781909162443e+00,-1.560630801827356251e-01,-2.141112194952149217e+00,-3.638133961742118228e-01,-1.320286248785441874e+00,4.326241255058672075e-01,9.403683394250945682e-01,-1.759559958339429464e-01,5.099188217812117285e-01
-7.722639485280398397e-02,-1.746732374669722754e+00,-3.249325445982710892e-01,1.672826150245405374e+00,4.802741323540501289e-02,-7.305267728772329994e-01,1.915530123386887662e-01,9.190749970159016735e-01,-1.696390852233436553e+00,-3.070976985910066070e-01
-4.910538967279362010e-01,7.506654369637046909e-01,-5.060387716986759488e-01,4.149793826301246824e-01,1.423192694287831461e-01,-1.123166928146046989e-01,2.555468290680856569e+00,1.433929621110414443e+00,7.685305918196291275e-01,-6.957726857773036677e-01
1.364542519702617973e+00,7.289768445275066240e-03,8.588576396874123553e-01,1.439382348164672587e+00,9.174606100278376308e-01,-1.391038649100698965e+00,-6.425945705996630730e-01,9.292444894338202088e-01,-7.323910286050193674e-01,9.333244027522602515e-01
-1.046811022817553782e+00,8.346067092230062823e-01,-1.420644912269786175e+00,-2.232217413272577389e+00,-3.758290706428523698e-01,9.788307947309951018e-01,5.664491904030279912e-01,4.315052817090640480e-01,-9.875721617798698393e-01,5.653115146724865259e-01
2.728056977366371538e-01,3.058350180876566737e-01,-1.213569519774355454e+00,2.063928038867728354e+00,1.257606318742068963e+00,-3.645120686695086376e-01,-8.978416696838115163e-02,-4.707340417240050701e-01,4.247827494318057728e-01,3.230984929236292436e-01
3.532927000671203244e-01,-9.156136277711915961e-01,-1.648489156158007285e+00,-2.236626357475337556e+00,4.143267982377688008e-01,-2.015589117699500069e-02,-1.368400663609232515e+00,-5.690994037218259916e-01,2.653621724198656495e-01,1.382524593902951571e+00
-5.498526242835483080e-01,-3.645139117525597050e-01,5.869222859651918034e-01,1.571633495434597627e+00,-7.018650376273338765e-01,-2.644846231900153666e-01,1.171877220654464091e+00,1.654986599993173713e-01,6.192283503692902480e-01,8.231353555336955452e-01
7.588478278147954559e-02,-3.160334751002473186e-01,3.044761422186858524e-01,2.332707515013601740e-02,-1.891374843376381509e+00,3.148044614660113205e-01,1.619207985799703264e-01,-2.323295675795044313e-01,7.428321444440417753e-01,-2.539655889543999678e-01
1.480316736258302956e+00,3.106475964329102335e-01,-1.143690489074778327e+00,2.274379771453919341e-01,-1.222148447248549985e+00,-8.094289622276207297e-01,-4.587731144726748256e-01,-1.327290998121601673e+00,1.503492281706339195e+00,2.445159921731384411e+00
-1.311214859904911156e-01,-1.649184698622973899e+00,-1.146666893758498729e+00,3.544648902490984410e-01,-5.956201015973946467e-01,6.547630845230890673e-01,1.218114020694959443e+00,2.327081207020965381e-01,1.072753103175143385e+00,4.552747233309567543e-01
-2.045776190514885240e-01,2.597096311654625844e-01,7.669211944905935940e-01,-8.416561765749336343e-01,-1.145204560018149298e+00,-5.154722891565181042e-01,1.311283627213777114e+00,-4.423932203745018499e-01,-3.962228280501558508e-01,-1.086982514096277885e+00
1.423923351523420366e-01,-6.554209932093639501e-02,2.172999835486692177e+00,8.352775202382501929e-01,-1.956155081320889721e-01,-4.087146051772407307e-01,1.990532539565700532e+00,-1.792810796801828754e+00,1.170891803701142875e+00,-4.023048040486792987e-01
6.027443961562133357e-01,-1.017536764088325246e-01,1.264542414894985534e+00,-4.238333081123028534e-01,-9.362656899396957222e-01,1.497187006378224855e-02,3.771511097416287428e-01,2.106657571125506223e+00,-1.046814408171416133e+00,-3.471017225851601162e-02
3.815542647719584179e-01,1.183776047720167979e+00,2.039638651833371341e+00,3.054201179409570255e-01,-2.079777939109636709e+00,-1.815821510866242772e+00,1.344072368171743241e-02,2.154069730901029545e-01,1.686386061863590413e+00,6.224609966147761630e-01
-1.811547268059330751e+00,1.746589466320982720e-01,9.090553139124279980e-02,3.586494419556076063e-01,9.635069206950443998e-01,1.332919983564517519e-01,2.282324578401547122e+00,1.409502149498681245e+00,-2.186090323072174130e-02,-1.263617121190483639e+00
1.374222190795106879e+00,1.955605392480171401e-01,-2.736195377126501294e-01,-6.115471231912587846e-02,-7.712120472942396443e-01,7.157203619900024405e-01,9.138892321989435796e-01,4.395453912839480948e-01,-4.901094959197226930e-01,7.176905515949439929e-01
3.398158798306194495e-01,1.814311100417727696e+00,-1.926643661330715296e-01,4.558569508157323535e-01,-1.573463443171951859e+00,-3.896202861398643247e-01,-3.376955262063054963e-01,6.616070953433971225e-01,3.259608717861314092e-02,-2.930994998192512746e+00
2.604286607996867953e-01,2.316176653349908410e+00,-7.005976538843602386e-01,-9.313965053215123024e-01,-1.826792278939358471e+00,-4.574408861504005164e-01,1.562475215122045791e+00,4.010284039865525951e-01,-2.741317357453242565e+00,7.226816178081117703e-02
-1.557786868794754032e+00,-1.173281058480391881e+00,9.929200988092673485e-01,1.052017912432248403e+00,1.247509760180553345e-01,-1.186275899165463832e+00,1.293755702924748452e-01,3.365412448715329186e-01,-3.400982006951908804e-02,-1.157121090738428393e+00
3.625278157410641855e-01,-1.966602250864058279e-02,-7.203187998638544975e-01,-1.038699380057214627e+00,4.070985085840838624e-01,1.099008866826946429e+00,3.434920200775632981e-01,-8.253627559295291238e-01,5.008815169662229616e-01,5.603715657008881967e-01
9.422256562683643810e-02,1.004457927723692023e+00,-3.370415259079149739e-01,2.915163716705738151e-01,-3.535603014893564100e-01,-3.621772455338123642e-01,-8.181290527016781278e-01,4.799933363334288883e-01,-3.229284345418758639e-01,6.063844700057361564e-02
-5.936822369000105404e-01,-2.747901162781863360e-01,9.016317961137044756e-01,-1.781918936234623274e-01,5.277807891859216394e-01,-5.290570515974071242e-01,1.590460683320170432e+00,1.681964729552914983e+00,-1.579998629645155361e+00,-5.667868215606716165e-01
-8.496982269399994125e-01,-8.946229990671392684e-01,-7.068985706391798240e-01,-7.115121655440639348e-01,-8.259876186151388078e-01,5.721223999712959918e-01,6.439144460215855403e-01,1.214045890486190223e-02,-3.786993710219196951e-01,-6.459120281875063707e-01
-1.037863268344302314e-01,3.236347147432615950e-02,-6.758330807820719377e-01,-1.306238694555464486e+00,6.264049933263595715e-01,-6.744793484184248289e-01,-7.058656241297793787e-01,-1.618797878912276167e-01,-1.780143829723598525e+00,-3.018638116507412761e-01
1.688121729195605880e+00,-2.359542274323988276e-01,3.079039886984910046e-01,-9.276505694721642881e-01,4.974306792624494933e-01,-7.670501760334960117e-01,1.222252654847140629e+00,-7.012328366427202919e-01,-1.171221443696709219e+00,8.032680962060657626e-01
-7.479184177345137297e-01,9.807803940815074117e-01,1.246292317898787028e+00,-7.226931924484080172e-01,-1.236706679337100434e+00,7.413234750547771645e-02,-2.672856987276775453e-01,-1.441232196931871101e+00,1.507789444075283480e+00,1.212137838788342470e-01
-1.131561075292979224e+00,-7.206666272155961561e-01,1.001599278389772696e+00,1.657666587540897463e-01,6.974064224124197908e-01,1.032452490796597483e-01,-4.749606669854347096e-01,-2.987532357997541577e-01,-1.936542956338674681e+00,-5.801553652038370437e-03
1.721693542912449804e+00,2.982852507927953867e-01,-2.971578517967963240e+00,-1.450219706438577338e+00,1.632111908086663510e+00,2.883463408269227191e-03,3.363743525739672502e-01,1.343964863199448301e-01,-1.739120164099938304e+00,7.791431010583516059e-01
4.953802433171055064e-01,-8.574101476556279799e-02,-1.030044607943568336e+00,-1.654172861660515803e+00,-3.942476254485647869e-01,-2.972248366885301696e-01,-1.533157113310964048e+00,1.310157910636622521e-02,-5.091618198537258833e-01,-5.495006446969366021e-01
-9.312040160080025109e-01,-3.824846240408455444e-01,-2.004363022776119774e+00,1.624624507111431249e-01,-1.412720977434158420e-01,-4.048656156883871926e-01,-4.983358247023701448e-01,-1.239652379563562112e+00,4.479382618548566897e-01,-7.807244056761954987e-01
1.826149191332389066e+00,-1.427119646847216483e+00,1.703720417804387155e-01,9.213370314318888865e-02,-1.190023092088232426e+00,9.041658237888752225e-01,7.917964638707393199e-01,-4.644174154084857453e-01,-6.232619759957871430e-01,-1.826445211014404626e-03
-1.103582607510759761e+00,1.811666688936039993e-01,9.641427744670009181e-01,8.638368574018452373e-01,3.745472362419055568e-01,1.523364006715555607e+00,-1.047872543561039621e-01,1.710095465327943209e+00,-1.188803755404604479e+00,1.992404573210308838e+00
-7.805742064086669263e-01,-1.005707307813909823e+00,-9.893659163858984362e-01,-3.636938576053936334e-01,-7.347548722246550756e-01,1.212170457694372594e+00,4.421322601832704535e-01,-3.035732160642455324e-01,7.542408591987357358e-01,9.496359824453929344e-01
8.978696784768332995e-01,2.031192068225560643e+00,1.009495129532982094e-01,5.768207967630399891e-01,9.547841255117704984e-01,6.517580510807895189e-02,1.063723691589206766e+00,4.356664479201173834e-01,7.194773988003638765e-01,-5.589156952170591941e-01
1.612383587613406555e-01,7.444883552641806679e-01,1.620537074657103227e-01,8.252423751796877927e-01,6.464000472185651436e-01,2.223911648795471596e-01,-1.303327184533123795e+00,1.074909404673638491e+00,7.472129259872085927e-02,4.110378835143081999e-01
-1.060318267498108064e-01,-1.832545060488447675e+00,-3.923816658739193719e-01,-2.853185325126906396e-02,-7.629065733646761549e-01,2.136118968210550806e-01,-5.089311233118105626e-01,1.169421183633593042e+00,-1.766443972528899842e+00,-1.248222092999448751e+00
-1.417764317958661868e+00,9.640293314435929295e-01,-1.154845046737845937e+00,1.001525021790791864e-01,-3.690605669007188672e-01,6.715586342113943896e-02,-8.662705968288000324e-01,-1.792999067864864127e-01,-2.822782509210668422e-01,8.657417461187381091e-01
6.041637554917087538e-01,-1.098039216087864700e+00,-4.359828876960335914e-02,-1.177770086827274326e-01,-2.361563866296662040e-01,1.175239538335197897e+00,-2.736694116565128732e-01,-8.991475029647584272e-01,-1.891558545716622575e-01,1.900768769473949460e-01
1.117493213371457461e+00,9.077291913742333018e-02,-7.093152693400836539e-02,-4.552708670601117724e-01,6.872403267243598624e-01,-6.174427991592564835e-01,3.181871171794513620e-01,-9.588118376955570010e-01,1.593535523188900349e-01,6.796198421204858731e-01
9.644621578714624999e-01,-8.003874205213865611e-01,1.730760169763736755e-01,6.666247912189694480e-01,2.333247480713381838e-01,-4.909645660528465516e-01,-5.389111833010208352e-01,-5.538470036528007068e-01,-4.706801131258311899e-02,1.188764593618256427e-02
9.560347375009489723e-02,1.672447388816274083e+00,-1.220155477746092121e+00,8.854976171625065229e-01,9.985897700360206741e-01,-6.605892424454443690e-01,-7.779786055451848314e-01,-1.422811965613991758e-01,-1.642566066907466205e+00,-7.999735367881793957e-01
1.096565993913571457e+00,6.695959336585091681e-02,1.248445737807951372e-01,1.806757551568343168e+00,2.050851285954431724e-01,-3.794025839115374166e-01,-9.625028031398800143e-01,2.234138630046373641e-01,1.090814215663071574e+00,-4.112892717824877531e-01
-1.259981486046225285e+00,2.029907324823092551e+00,7.763961407295135730e-01,-3.636231024047020255e-01,-6.346807915010595214e-02,1.811243116127547959e+00,8.034857526826227891e-01,5.789261086990402649e-01,-1.089663749920758914e-02,-4.183268310679559288e-01
-1.509906791539470827e+00,-8.021140145141181232e-02,8.187311912185450957e-01,6.684362211949590460e-01,1.224009132953835177e+00,-1.466941719689402346e+00,3.655789609341023039e-01,1.077493677538957778e-02,5.484870988826189286e-01,-1.635101646906826023e+00
-2.552039684426622990e-01,5.344699255280910277e-01,5.946926768948402886e-01,1.021059012193871324e-01,2.169836665069828641e+00,-1.974311368471430406e+00,-1.685372211927790298e-01,-1.626308640336356637e-01,-1.820225399014714363e+00,2.318560722159479059e+00
-4.459203578755620012e-01,-8.671247545095265297e-01,-4.009808663684051311e-01,-7.208350274732653329e-01,-7.791773574758052989e-01,-1.238553927277548788e-01,7.567783771702233375e-01,-1.182267688441504712e-02,-1.851779288395439815e+00,1.861908176228526529e-02
-1.197856805272016434e+00,1.145414727694040735e+00,-8.501481189516872927e-01,-5.665879660323797085e-01,-1.675644347432829750e-01,1.371227889414987702e-02,-9.602757154971975906e-01,6.174061108272878018e-01,-1.098225610905879668e+00,-2.715222627920115817e-01
-7.992169268821596173e-01,6.609365737637987737e-01,1.342930441230977934e+00,4.016308184361068734e-01,-1.584623521114094213e+00,2.808040918252560636e-01,-1.091565069968257307e+00,-9.680446227848293894e-02,-1.824937191146196014e+00,-6.868942027625367652e-01
-4.337506137279806273e-01,8.900832871265409452e-01,-2.283478475721101741e+00,1.622678869636598575e+00,-5.271697035259869102e-01,3.265442860478943166e-01,1.371143916891576220e+00,-1.103040553961775805e+00,7.950375275049945123e-02,7.388593207749534209e-01
7.203568054302885715e-01,-9.761448086597270812e-01,6.972359663009626285e-01,1.246747746968955989e-01,7.479004399466688824e-01,-1.105105957325297622e-01,-1.831542144715809506e-01,-1.562129047955632011e+00,1.361138339114557505e+00,-4.536937550584862477e-01
-1.319549553561649713e+00,9.550033683218329683e-01,-1.222254043209857866e+00,-1.080984785791158309e+00,1.395325225334965502e+00,6.077372637981183212e-01,-1.059251486654414043e+00,1.480423745792371015e+00,9.312910713806052954e-01,-4.513118871756988670e-01
-1.883660815536215338e+00,5.757092628980417515e-02,-1.856086560735024538e+00,1.039147655745807253e+00,8.073967899967720019e-01,7.323065903173692215e-01,1.029182644263632040e+00,7.789251932279982471e-01,1.754305241690145289e-01,-9.850579772681070656e-01
9.878744186595398435e-01,3.328593615434868869e-01,-4.600753018099989489e-01,1.650871915356112662e+00,-3.438266743293849070e-01,-1.218651440541428377e+00,1.144594465129066541e-01,5.253837268938471583e-01,1.775784056920475473e+00,4.325426268019474246e-02
-6.423118217332679514e-01,1.649796597506531792e-01,3.630117546223547431e-01,3.526479433026898369e-01,1.530044875320217157e+00,-6.658315254942617223e-01,6.008355197462876829e-01,-6.122841243318249971e-02,6.824158088097264097e-01,1.224439250334116380e+00
-1.119152384961100921e+00,-2.799587518172854117e-01,-5.549606464156378038e-01,-1.158352940280630294e+00,2.209665686660345685e+00,1.033883654844942601e+00,-3.742091197417076742e+00,-1.351605559948719504e-01,-5.318935389844826611e-01,1.040761440862762122e+00
-1.733468099475172108e+00,6.498955564968832421e-01,-7.452687410826293046e-01,2.767724203847295866e-02,-2.102868408779004494e-02,2.010570824487420527e+00,1.907701186119284520e+00,7.307180065970446670e-01,6.466233176899569557e-01,-2.299009277770908688e-01
2.089870618444091388e+00,-4.862222734754850229e-01,1.362163555711747520e+00,6.750105218464643730e-01,-1.074393029007171679e-01,-5.182038617680952974e-01,-1.869512363537657595e+00,-5.596398948978349441e-01,-1.250008718736984603e+00,-2.525791517889408588e-01
-2.760239585124171779e-01,-8.095465828006151998e-01,-1.641130815529611986e-01,5.094087234316215795e-01,-7.105010077105179400e-01,2.241173487858152846e+00,4.499811183964237404e-01,-6.474940966895348371e-01,-2.786766172594565827e+00,-1.588642626710711658e+00
-1.031922206281803200e+00,-9.117457981726106997e-01,-3.481496738805798241e-01,1.418419526464307356e+00,-1.904852133717026996e+00,-3.907703249070645368e-01,-1.445238320842201052e+00,-9.996192621868744688e-01,-1.264224749168043060e-01,9.026516390304850646e-01
-4.722039640855005271e-01,-2.335966610337577298e-01,9.592316866471127801e-01,6.850727418945117275e-01,3.814206358663674856e-01,-4.061631685503110489e+00,-7.766316171171553373e-01,-8.374794904643113602e-01,9.989338216127231496e-01,2.601371063341951714e-02
-4.371355571771097792e-01,2.853960357325080910e+00,-1.043433707258209608e+00,-4.050842949510135571e-01,2.977562178614865385e+00,1.328969858922630087e-01,1.292666030151236045e+00,1.079380929319432303e+00,4.801501871434608049e-01,-4.519832089898790928e-01
2.629862909116607583e-01,3.113452339655498058e-01,9.117520687040014948e-01,-6.625971068335116954e-01,-2.571993383086683682e+00,-7.758546558334697973e-01,7.474225077636087455e-01,2.784337858518516340e-01,-4.215008865706311725e-01,-7.529625455969615189e-01
2.348085911257539737e-01,6.791422443139016885e-02,-1.190954766596933750e-01,-4.256067878205361810e-01,4.556924067341174278e-01,7.927284879271327966e-01,-1.107943834835447561e+00,1.921164593104401075e-01,5.048937552393615302e-01,9.095082234149056699e-01
9.146969981835468833e-01,2.196273861116883608e-01,5.296534030212655120e-01,-9.702742990111651311e-01,-3.478393627565514179e-01,7.695949855261799977e-01,-1.948035873915757166e-01,3.299385271352766602e-01,-5.875718600602334446e-02,-3.664792273644367437e+00
1.246584072015513023e+00,-9.868334017608937359e-01,5.221972199125237690e-01,-1.436842630243563068e+00,3.164243212619506362e-01,-1.456599668356301225e-01,6.552863885763592355e-01,1.090572151691871217e-01,-5.770613273315557956e-01,4.386639265495608231e-01
-5.538515626204807418e-01,6.146296336712455677e-01,-1.881421507668336712e+00,-1.261604914853782899e+00,7.238521454625906904e-01,-1.130809339552371062e+00,6.834404552467248095e-01,-3.427279333674710382e-01,1.575888867170810226e+00,-7.910850537548712591e-01
1.137813671285540784e-01,2.538379136648880041e-01,-1.681994003161480233e-01,6.554764142071566047e-02,-1.566981502480628397e+00,2.048949255583159434e+00,-2.370345114640128592e-01,6.283783567808770565e-02,-1.399490733147528587e+00,-1.023171510892833203e+00
-2.840822477128686629e-01,1.028905867318366640e+00,-5.312825463287880190e-01,-1.212350944837998323e+00,2.993806797726784596e-01,-7.139236530903991795e-01,-4.971797102497223231e-02,1.227214746126994882e+00,1.478389085506489842e+00,-6.025436820887683509e-02
1.518143613574952200e+00,-3.332466065594900106e-01,-7.063067681658264929e-01,-1.279245155532496625e+00,5.375359010054751030e-01,-1.181139214072986166e+00,7.104565070286875672e-01,3.261550526941979777e-01,-3.231928774140260807e-01,5.554641946525917806e-01
1.157955505361509152e+00,-5.079096253456738541e-01,-1.594507122532371257e+00,-1.549076209311694152e-01,-2.324200508836252954e+00,-1.135786169307939852e+00,-2.050803296150167238e-02,-6.314132854095650949e-01,-7.223517431897895635e-01,-3.658381246836021616e-01
8.534129890102520877e-01,2.044583671936521241e-01,-7.887809385480841762e-01,1.101738025778656649e+00,-9.959219583772652706e-01,3.936085171451422088e-02,6.868821408668674966e-01,4.582769320942794433e-01,-1.110740622530637751e-03,9.348680473469436203e-01
2.053973919881471488e+00,-9.503885848474341591e-02,9.754117589501543062e-01,-3.957801163405205713e-01,7.953238831958289179e-01,4.359181154850149675e-01,4.712099611513816955e-01,-4.774325389569582245e-02,-8.927405268756032353e-01,6.764187250315992772e-01
-3.658292419038615684e-01,-1.196342810841198201e+00,1.268400324379060029e+00,-1.949608706026243921e+00,8.891760196489922885e-01,-4.610708344928980407e-01,-8.980896844218810848e-01,-9.290945942330653962e-01,-1.127327648404769844e+00,-3.261791742098839597e-01
2.443096841672108610e+00,-1.343496746288739274e+00,1.113165348478557304e+00,1.362000993740632770e+00,-6.377619227226610787e-01,-5.364592301680540798e-01,-3.423465237119796001e-01,8.988816177005271024e-01,-1.883373398848528779e-01,-8.319946621936313846e-01
1.715084795324964606e+00,6.018928593111285696e-01,7.277410289894611362e-01,1.058122551053684246e+00,-3.631089045817006283e-02,-3.489168917852736307e-01,-9.108952315804765831e-01,2.437803516979229368e+00,-6.064706922077886054e-04,-1.267096432796945393e+00
3.404156216444984562e-01,-9.218216109079688803e-01,2.844895875738936986e-01,-1.438617682976055245e-01,-1.749503499680581609e+00,-5.979212329474550280e-01,-1.131313936981740209e+00,1.025307602773174231e+00,-7.379687285712339673e-01,-9.613076537548153055e-01
4.228834526316585518e-01,-8.276651960139269626e-02,7.182556333740119925e-01,-8.705017437888165066e-01,7.105398759664036668e-01,5.068204699296438021e-01,6.082858830669854999e-01,-1.752305510744498473e-01,-1.559648885130363594e+00,7.321145525791072917e-01
1.533284773123257283e+00,-8.336656963549126109e-01,-5.540860463092609489e-01,6.876765825374209218e-01,-1.099182553238376325e+00,1.637262096813547174e+00,7.314056848409054012e-01,5.121355136585060697e-01,-1.397003048544946058e+00,-5.005227515825328988e-01
7.740149150327784167e-01,-3.026902304261319676e-01,5.322633920186345957e-01,3.582419996039969967e-01,1.626586605653676798e-01,-1.931505893712514021e-01,1.182956282932998704e+00,-5.574328439997456863e-01,3.947696077932571490e-01,-9.142251470536510993e-01
1.169775576189585609e+00,-5.156473266988559345e-01,-1.059310819311558793e+00,3.521206731738072415e-01,1.222861187272396843e-01,5.438391170195144841e-01,8.464227468799898624e-01,-1.577506374524232369e+00,-1.554710236921105770e-01,3.984266489659862298e-01
-1.747065734744020493e-01,-7.249835337048798900e-01,-1.278237082980900885e+00,-5.450395925937542296e-01,1.827547861001383556e+00,1.041052449021148796e+00,-9.091237620370037353e-01,2.708726559853056881e-01,5.267126086964905030e-01,-1.060221446270608769e+00
-1.015633402841443766e+00,8.295253476399047088e-01,-5.189541463583633440e-01,7.701135728639069145e-01,-1.183662236380737198e+00,9.604710725181199449e-02,2.872064818548047960e-01,-7.897711259788104954e-01,4.625794493040815136e-01,-2.279915388162512713e+00
1.059484848854305827e+00,-2.625264272931323584e-01,-1.894049172141928361e-01,-7.788568263004277403e-01,2.928897467866399262e-01,-4.306370005559970182e-01,-1.403470992834460196e+00,8.240390653114560982e-01,1.714479806075874802e+00,6.608904901700017875e-01
1.458928872410401478e+00,5.753024417686122272e-01,-9.062459338131574338e-01,-5.391260976060840981e-01,-4.311987262152947031e-01,-7.329970440935266174e-01,1.660323954023049664e+00,-3.836406358087281476e-01,7.410191603926200576e-01,-7.873314328719434041e-01
6.897938593724183276e-01,-6.299200432019352869e-01,2.193507238092970546e+00,-5.725905071703416560e-01,-2.807194973740788857e+00,-9.870685507910023637e-02,-1.025644530675413890e-01,-4.442108931298705543e-01,-2.673933012045059954e-01,-1.196435214626615645e-01
1.382627675361526760e-02,1.406536349471606995e+00,-2.340397494863358574e+00,1.222770412734329515e+00,-2.383082758774254795e-02,9.041881075688669167e-01,-1.726379601994481261e+00,-3.553916062507097018e-01,-3.174096630986981693e-01,-2.153265316238655469e+00
-1.024259102976699642e+00,-1.484456688762730847e+00,-4.393442069421208407e-01,7.329473471288957542e-01,5.104684065635054641e-02,2.856725237756657654e-01,1.843979297127013306e-01,-4.796050094254851182e-01,1.500891609324646714e+00,1.467771942343051306e+00
-1.164460307697040564e+00,2.840107951218201698e+00,2.277203983423782274e-01,-1.822069160043235270e+00,-1.629953104398881858e-01,-1.424425443993365015e+00,2.261996107892037533e-01,6.403651287748007848e-01,7.751394461759840704e-01,-3.665759414639052638e-01
-4.999264780616364257e-01,1.541309858164003455e+00,-2.912060879101531843e-02,-1.659733746015208178e+00,1.900025267719038347e+00,5.820519852871536975e-02,-2.360472772612252967e+00,2.302379275569867156e-01,-2.515553764021506211e+00,9.614836875745502720e-01
2.347850480026789366e-01,-8.229295573571285827e-01,-8.849516022647561930e-02,1.004338945005088107e-01,2.279771143202373729e+00,4.722452941348898592e-01,-4.962008409382737129e-01,2.163434387798129910e-01,-1.934582783512116322e+00,1.586616263507961921e+00
-5.617298072333540837e-01,5.913678887217530544e-01,3.640139337727473778e-01,2.772490929451399411e-01,-2.360842702806491555e+00,3.844947553125632189e-01,8.276194530886453737e-01,-2.156065331068586222e+00,-6.222735476552603284e-01,2.990585733523515866e-01
-1.053778586280227358e+00,-8.487282037485400776e-01,-6.889070853544210227e-01,-6.356204907361210354e-01,-1.415957045220953558e+00,-8.010057820515769089e-01,-9.174319022060242745e-02,-1.559309068215419591e+00,-6.843025193213927437e-01,2.948360363198233025e-01
2.324956580813921370e-01,5.865897388454894834e-01,-1.189555718061654638e-01,-1.649032167320614750e+00,-1.628389285966965749e+00,7.574031544755839285e-01,-6.167698547378513974e-01,-3.424481538088118837e-01,1.435726396294426943e-01,1.377215873700257776e+00
-1.018515342910581101e+00,2.452812410794979581e+00,1.126514794129144237e-01,-1.135984112189609430e-01,-1.401686335010042583e+00,4.514891901737689839e-01,1.355056750228593454e-01,3.110348846530657796e-01,-7.850541545865292736e-01,-1.136586509927407285e+00
-1.936205594456218204e+00,-1.340717231112980912e+00,2.328794778946929045e-01,1.085479056840264134e+00,1.182157245551844760e+00,5.013424556362672257e-01,1.420015666912110897e+00,1.145279216052893512e+00,2.023231913004701066e-01,-7.301574977636788866e-01
6.321543456405716022e-01,-3.428597030926104905e-01,-3.390946447771376326e-01,1.061223566721960276e+00,2.418290147573192161e-01,-7.840610440177456786e-01,-9.362494551785676133e-01,-8.267316623207561221e-01,1.009299666442179388e+00,-9.446595597649329878e-01
3.139713758250513992e-02,7.009568354880237884e-01,1.484170773137762911e+00,2.411572664828020435e-02,-3.449212989329050183e-01,1.743083164583327571e+00,-1.713629029211323873e+00,1.292153764261763316e+00,7.215026963862972154e-02,-2.094136525842208219e+00
3.720533031983239147e-01,8.501287005201233482e-01,-3.983034586142772948e-01,-1.871431163221733751e+00,5.580816229980311016e-01,3.655046163152649297e-01,-1.121270729916608033e+00,7.976698628716282213e-01,1.402167771139821495e+00,-8.361816545477916696e-02
-1.512599606835882404e-01,7.621408998304026738e-01,-7.171208279571341659e-01,4.581311574141657128e-01,-2.975610530185232583e-01,-2.922475573786061265e+00,-6.190062480659566102e-01,1.622495392403825010e+00,1.022752595577878010e+00,8.037939772648815540e-01
-1.668788163541251313e-01,-3.198075728328125117e-02,2.151046384279927115e-01,6.966579406435797761e-01,7.730141076577925485e-01,-1.430177775578088895e+00,3.690906297510574974e-01,4.710713395636269007e-01,5.844968789439421997e-01,-5.221542645862894405e-01
-1.747869688554758716e-01,-1.580332294838294960e+00,1.333951294812046606e-01,-2.950034323848494955e-01,-5.081533728548817130e-01,1.757815448343389653e+00,4.110791192055849308e-01,-1.165200315760781313e+00,-2.907846510177066190e-01,7.125985697996596313e-01
3.906531877606401193e-01,-3.070085115780342711e-01,-6.943040534130234809e-01,-2.103878614927593704e-01,-1.429030723781178791e+00,-1.910240007697777465e+00,-2.272840595449357792e+00,-3.501879086383045125e-01,-1.191254938136893093e+00,1.403260488669308303e+00
1.174973807193502973e+00,-9.580386624043571997e-01,-4.638514497510398682e-01,-2.123793745462607241e+00,-1.266210908125529944e+00,-3.562528145128193713e-02,1.061301560804160715e+00,-3.940139869751790314e-01,6.587044156828278929e-01,-2.261041287932309407e-01
-9.721649097540419060e-01,-1.164449183379973496e+00,-3.959838224149356267e-01,-5.013590770609707148e-01,-1.793943961858022407e+00,-2.462385530582348880e-01,-1.034829118243691726e+00,5.106814940920272328e-01,1.267806952459485492e+00,3.089851782919736944e+00
-4.138281690488705977e-01,3.876850493382744123e-01,1.608312295687387983e-01,-1.906868694911884043e-01,-2.471575175635045696e-01,-1.811365035169861526e-01,6.670322457288359042e-01,-1.232604510167963019e+00,1.552750263387149499e+00,-1.144712756188636105e+00
-1.073169402091788793e+00,-1.949154810061956566e-01,2.020418383560365072e+00,-9.211033236040112870e-02,1.887311680701287964e-01,1.083641656920707685e+00,4.501421887396655497e-01,1.116432025681112883e+00,-4.579655196171705800e-01,-1.443126365227479724e+00
1.225065211873689747e-01,-8.426512464751105824e-01,4.091361210152339445e-01,9.876010680577151923e-01,-1.083524544034258075e-01,6.539624997774733384e-01,-4.952378121619639417e-01,5.364141335716737791e-02,-5.148588420731149418e-01,-7.856338145757747471e-01
-1.180814602609285835e+00,4.257729324489372136e-01,4.561322103849704823e-01,4.039656137875511921e-01,1.782695871642219876e+00,6.986160813877677622e-01,-2.421129061694354156e+00,-4.966883780050853625e-01,-5.568837094849580227e-01,-5.507401495391707202e-01
-2.041826198938055670e-01,5.483278498197872303e-02,-1.652865392583166559e-01,-5.573063303911458544e-01,1.587747009454862912e-01,-2.318885028445748786e-01,-2.887957551025494701e-02,3.068149227731307299e-02,-4.024459116178779605e-01,-1.682441703136903888e+00
-2.059978088578235875e-02,-4.280057018797150947e-01,6.735031207344063242e-01,-3.878235988493294872e-02,-7.016507642846540049e-01,-4.163119391590960894e-01,-7.895159565703776527e-01,-7.769987169300343055e-01,5.788683986607308096e-01,4.085041894076312241e-01
-2.625627334924192646e-01,2.490663718299525042e-01,-1.294664501555545522e-01,1.348832478689305781e-01,1.081173910691603623e+00,-8.238179305449724876e-02,2.429379137911161224e-01,9.386361528231724760e-01,-6.550316144382331007e-01,-1.941654356493798028e+00
-1.723928701388957596e-01,-1.773222146455715187e+00,3.318439078649432217e-01,5.225840477017961172e-01,-2.698066778598778304e-01,2.131333368274654916e+00,-2.244421854547285378e+00,3.829555888920340156e-01,3.316125477912311159e-01,3.798164037049350794e-01
7.308249978597962382e-02,3.241590803562747758e-01,1.289595663052760965e+00,-7.650094837724988883e-01,4.374478960667197436e-01,-3.067675571150179081e-01,-2.166040813786709762e+00,1.426689587570109108e+00,-1.814412527180970514e-01,9.847240817200895169e-01
-6.891179776078866226e-01,-6.564674787981333859e-01,6.712965123288197611e-02,6.349333968229177172e-01,7.979204274031497235e-01,-3.134743770568859222e+00,-4.999071566061363270e-01,1.604846043501191033e-01,4.114838228780016149e-01,9.860104791444567196e-01
1.507771495355676228e+00,2.593337087028070309e-01,1.818641981621226034e+00,-3.795394223451523108e-01,6.669518779486180993e-01,3.756610423840697766e-01,7.188361227993261826e-01,2.097575511707966134e-01,1.973554500753102126e+00,-6.402436038610604951e-01
1.383612878770783317e+00,-1.068080485045739936e+00,1.113204063929932319e+00,1.201718961748095005e+00,-1.521651385154950686e+00,1.511464459321303355e+00,6.376078051572321437e-01,-4.064186806285566278e-02,-1.506413353288874879e-01,3.320899220754440773e-01
4.562708093250383290e-01,-6.212511037667636238e-01,-1.220258452227109380e+00,3.985132751333098078e-01,-3.610543860880686129e-01,2.420643586998490804e+00,3.798570541733296835e-02,1.009066957717044133e-01,-1.813473789791963497e+00,-7.688533072104726251e-01
-9.964403401636482416e-01,-4.683847122667284535e-01,-1.577445867449303318e-01,-5.298946124256455059e-01,-1.111326827055051814e+00,2.239201894625374167e-01,8.354509800627654137e-01,-3.972961299176676064e-01,-3.588446912738901817e-01,-3.571760068401277355e-01
4.532222651656870327e-01,1.402834370285712229e+00,-9.268517220509596699e-01,-4.137455846397553039e-02,2.395852078565573751e-01,-1.176702727677769733e+00,-9.164373686485113302e-01,7.018052431483188247e-01,5.806308855946216152e-01,-9.378934069073922020e-01
-1.075328382110824599e+00,5.259579382388797075e-01,5.478371624396236733e-02,-1.172549701517179521e+00,-3.837952654576978762e-01,2.069139729980665893e-02,-5.657020402167888262e-01,4.012427550615517702e-01,1.176475644199148629e+00,2.165249605274393307e-01
-4.409350922621159685e-01,-1.004433629307697640e+00,-5.113238261791196448e-01,-4.850994165587938500e-01,-1.645797244946688720e-01,6.418706951436581321e-01,-6.757404285055713666e-01,-2.290326106310040244e-01,1.154798217827150753e+00,9.547776518675762936e-02
2.582931522433197791e-01,-1.431097835920442707e+00,7.010202564597781683e-01,5.417731501969592633e-01,-1.535077669921204979e+00,1.146219612593978976e+00,-2.017355239960869073e-01,2.271969797923331758e+00,2.241730150839102431e-01,-2.862485463530154206e+00
-8.952127127607878432e-01,-5.993118904278792458e-01,3.834343069293129624e-01,-8.733376767072893454e-01,-1.886025855286685149e-01,-3.262280878000458628e-01,6.809436088068848703e-01,-3.468273689715266062e-01,5.442853989264873071e-01,-6.792628159558666834e-01
-4.612473079704168533e-01,-8.593767442066221340e-01,-6.645626265245273556e-01,-1.516265637599157057e-01,2.274561945727400780e-01,1.107504418482547326e+00,-1.149351058638048984e-01,1.364135622504710765e-01,-1.220435255896813231e+00,3.338402389699767631e-02
-1.158783239666063336e+00,-1.529095914130548017e+00,-5.089593700517286434e-01,-5.622352579539054984e-01,1.585324626633439538e+00,-1.439552115612079186e+00,1.671779048103346543e+00,-1.662530007366417040e-01,-6.698793803765624721e-01,1.375522713871673020e+00
2.496201707070305198e-01,7.262086511416202539e-01,6.333647030488918084e-01,9.341622949681319676e-01,2.469513730922611727e-01,-4.752278185057059318e-02,-1.297006957020796269e+00,-2.353104965522462066e+00,-8.862099023208168391e-02,6.989080808634853259e-01
2.967881361794356132e-01,-5.690586719174597352e-01,-7.404145363670162905e-02,-4.201074461074157974e-03,9.201899113004601283e-01,1.025560691934831237e+00,-1.328000590423200622e+00,2.008098562589430980e+00,-8.596264809358103998e-01,-8.337920376495029651e-02
-2.976340149931900880e-01,-3.533963368074068967e-01,2.907015934657726230e-01,-3.428406513796404820e-01,-1.775655075804529304e+00,-8.292444296536356507e-01,-7.260709435013713575e-01,-1.684891963779588719e+00,-3.997230487975593216e-01,-4.963435527019047777e-01
-1.911876063100843126e+00,-1.345804022466523808e-01,-9.552668562347639281e-01,1.126972800782315209e+00,-5.619390311426184503e-01,7.195279243706480532e-01,-1.972174765003708252e+00,-1.310841450699951949e+00,9.906525149073665271e-02,1.529052473764194620e+00
1.215857286644878688e+00,6.345846212366627048e-01,4.662686748267571013e-01,7.747417561773251027e-02,1.247776497205366875e+00,1.468202497664776451e-01,2.553954223359741205e-01,7.153957530647250262e-01,7.301805282266277120e-02,-1.956464837288417191e-02
9.105397809166154710e-02,3.092139344967443915e-01,6.147069851345995373e-01,-4.898209224348393231e-01,-6.740350017038915231e-01,4.092458488734991850e-01,7.751293233409140004e-02,1.018819198546167426e+00,-3.012533743070497927e-01,5.900900843360453729e-01
-3.187775966187939569e-01,-1.602961702922454379e-01,1.730319992479015356e+00,-6.905671442125116410e-01,1.716853370789438005e+00,-1.682785012035707739e+00,-1.209295632492299211e+00,-1.390426917477395996e+00,1.372078691439602427e-01,1.612282605496264121e-01
1.324606497594355670e+00,-8.496216750258204220e-01,-1.391137171753369151e+00,2.045453544591501749e-01,-1.332605597088972083e+00,-3.464552501395649076e-01,-7.797565926858909258e-01,6.002569737706626718e-01,2.311868432872680401e+00,-5.994407022847403343e-01
1.175567388256208434e-01,-1.197640475723904946e-01,-8.755457098979763098e-01,-6.381110975556165688e-01,3.511450637457655954e-01,1.469226530723619417e+00,1.114212964281599438e+00,9.462056142004050541e-01,4.559066971256903744e-01,1.832170498335554898e+00
1.171140308660886253e+00,7.293025630951119886e-01,4.425807050431561085e-01,1.191101436937604285e+00,1.822897478632322724e-02,7.551431264549592903e-01,-3.335385940498741264e-01,1.425258799237055229e-01,-2.583042579746590017e-01,-5.686615192086006410e-01
-7.003427795847554371e-01,2.092248496217672116e-01,1.418438531524245268e-02,5.718586624410672004e-01,-2.663126396769349702e-02,-4.086891008749862220e-01,2.071617777110017211e-01,-5.463166832355999258e-02,1.598862072936502621e+00,4.733226949583737020e-01
-1.728870805705585045e+00,-3.676955619590534519e-01,-1.232215310681143094e+00,2.334889659163888187e-01,-6.691736046319338715e-01,1.221961508894890303e+00,1.137141089051846521e+00,-6.025684907610647789e-01,4.271512122420786928e-01,2.651933496381994604e-01
-1.695918440026007667e+00,2.941503688697746366e-01,-1.378426254646555049e-01,8.583707282983003006e-01,1.286645933884718596e-01,-1.814435215423947922e-01,-9.347899923446286730e-01,2.232619196572758757e-01,1.418070574225841485e+00,1.511231324766656309e-02
3.179646177729022472e-01,2.195295823931303347e-01,-1.357553196817963270e+00,-1.070546174720134580e+00,-7.834154540447021420e-01,2.269449588658290384e+00,-2.068404096439103057e+00,1.113079562679007983e+00,2.984660671903868571e-03,4.165940642187744847e-01
-2.552756750055343860e-01,-5.860718971704715896e-01,-1.319656956040033302e+00,-1.847848185663930332e-01,-8.489734102528789794e-01,3.785131700762834339e-01,5.711638429233463210e-01,4.780888626881618642e-01,-7.955771135606033717e-02,-5.411511917489056911e-01
-6.549344808545408680e-01,-1.402987714919504914e+00,-5.749452052000003643e-01,1.408803169391831478e+00,-4.733685211607817633e-01,1.280495092173402849e+00,-1.291565573142632040e-01,2.825725672606119732e-01,-4.161934048290455435e-01,-6.304323160072612398e-01
-2.067870338006678466e-01,-3.386129435463643422e-01,1.268718108353359630e+00,-1.315049314922777768e+00,8.894025142488343194e-01,9.806764957691943563e-02,-8.570127612182341093e-01,-1.659629992589582548e+00,-1.297902978422278697e-01,1.010663109380409569e-01
3.282834359687686332e-02,-4.543370411288129018e-01,-1.522712930048252478e+00,-1.192436946334490683e-01,4.572299229457801872e-02,1.264876100618055776e+00,2.481824264401191193e-01,-7.955551751838602081e-01,-8.581661109295135592e-01,3.624490533076372145e-01
7.160445256283420878e-01,2.130694377458537681e-01,6.400089892769288413e-01,1.043518319742295919e-01,-1.597660332192587962e+00,-7.261158176774362705e-02,6.172464130587217435e-01,-2.629108564998075548e-01,1.630790512233121881e+00,-8.308141265488883098e-01
4.229413209813601138e-01,-1.207497754354135422e+00,-4.252988932038676007e-01,-4.123005295744837095e-01,1.000348885714116287e+00,1.911536080759792311e+00,1.223371191390450141e+00,3.352754669729909875e-01,-6.100803263646729091e-01,4.930028627156112786e-01
3.135243710344500778e-01,-5.546849425733086925e-01,-2.299659677271404856e+00,1.201058361423602561e+00,1.632686113124217853e+00,4.201832590819848390e-01,-3.518078132076670195e-01,-2.950765148878033428e-01,1.061446448972448664e+00,7.301551711095914943e-01
-1.471098522845643242e+00,1.294604536971884490e-01,-1.123154694238047036e+00,3.945120673810513234e-01,1.134031940156536411e+00,1.256743382905473883e-01,-9.010693123814084160e-01,-1.048551633964898366e+00,-4.976098426849314693e-01,-1.050096647165996155e-01
6.815462800258608178e-01,-6.234003563268267767e-01,-2.563055780992926080e-01,-6.557435030606023271e-03,7.034351598761495739e-01,-7.608813277028216859e-01,7.644303337866396042e-01,-2.070883815958518559e-01,1.246781813599824984e+00,1.113064402051461066e+00
6.070488750912954590e-01,1.148137360277241115e+00,5.515888793363331599e-01,-2.530777531032890604e+00,6.521577786360384099e-01,1.765059799450244604e+00,-5.058440216741177942e-01,-4.324569899678757934e-01,-1.086576721694509251e+00,3.624642349897788107e-01
-8.225800902190847363e-01,-2.099800261739101781e-01,-1.574941658042589676e+00,5.805605718564986750e-01,1.195510609556496906e+00,1.989087777466440610e+00,-1.425484058396516041e+00,8.272037674941624674e-01,-1.540333939667479224e-01,-8.115944102569229435e-02
1.130652448423928647e+00,-7.419908284973563140e-01,3.247934669961759502e-01,-6.969600615027787827e-01,-8.998830893988615798e-02,-4.931052345967018580e-01,6.785459179772058112e-03,5.040022614688193237e-01,3.724105598667263317e-01,-1.510846250295312387e-01
-4.033758196694146037e-01,-1.163394761857751286e-01,-6.100753335256459131e-01,-9.064257454067605746e-01,-5.609972768502252682e-01,-2.008603612418785878e-01,-6.784008281668247875e-01,-2.048631014982997822e-01,7.431389835297786961e-01,-8.501560754238807194e-02
1.197375192723376891e+00,-2.183040093640913892e-01,3.593278886169135600e-01,1.068531538898280342e+00,1.361714648792873739e+00,-1.189043655237642216e+00,6.833424520068095420e-01,-2.393387310770943355e+00,3.522586957442753741e-01,4.906948180988471853e-01
1.016742025544893763e-01,1.895417055400964390e+00,-1.731990713193142017e+00,-1.355051024387765368e+00,3.021659974471317400e-01,1.228464564252335772e-01,8.491753466733785727e-01,9.401749405890199585e-01,5.524060309700275923e-02,-8.854106653757848333e-02
-2.085860329800936774e-01,-4.517579265175118985e-01,2.934311183012034210e-02,-9.677445937543269761e-01,-3.946331248414193249e-01,-7.801635455763231697e-01,-8.797200263115488861e-01,7.536115762194446344e-01,-8.258859733444994244e-01,-4.504064146935691376e-03
1.874682166215355383e-01,2.536578011944988775e-01,1.079406720497033900e+00,1.339445059630570478e+00,-2.137392151526128714e+00,-1.777185004625947418e-02,-3.315074649893275105e-02,1.555593330352452286e+00,6.595410873195819423e-01,5.338807952681029478e-01
-2.382994058788573954e-01,1.593054821407071109e-01,1.398571522948146351e+00,6.104699338324601765e-01,1.004500355824918759e-03,-1.466494001418569892e+00,-1.513956373883474482e+00,9.571112186264991717e-01,4.326988077774321373e-02,8.237724433426588666e-01
-1.375202567621816863e-01,-1.154448360260715636e-02,-6.504704238694152263e-01,1.085132213807823875e+00,2.568929690442586011e+00,6.782637657734226222e-01,-1.037898539652619023e+00,5.165066691712585367e-01,5.699591652279593079e-01,-6.281066239961966557e-01
4.230008630747344456e-01,8.782238176321922607e-01,-7.671669852270619483e-01,-3.281577656401968301e-01,-4.603606776675151502e-01,-7.031125091071604993e-01,-1.982112070669800608e-01,1.510853472220864413e-01,-1.247654864817236975e-01,-2.408080247935063534e-01
2.231129762610989664e-01,1.480604544113367060e+00,1.817729407178069190e+00,-6.579568674292678443e-01,4.359979541355318844e-01,1.441612724123682687e+00,6.378645156620199597e-01,1.837512057899219453e+00,5.191871956579313663e-01,-1.524511900156917621e+00
-2.813835676974819067e-01,1.222521845423669928e+00,-9.854836929848447002e-02,-1.949800514556615960e+00,-6.181085393328080713e-01,6.395319896919958724e-01,3.632884002260365897e-01,-1.063486269585062205e+00,5.837272997325636537e-01,8.700474454972775273e-01
1.906233746274710039e-01,4.551053545035252390e-02,-5.753147179072665152e-01,4.058687217858840124e-01,1.204930624141233642e+00,-3.756581786307258142e-01,-4.013813278145902941e-01,2.540259459602731251e+00,-1.057087519140102738e-01,2.770678785436927472e-01
-2.165231604045835923e+00,-8.959370222714798659e-01,-8.080824798093103611e-01,-7.834536884362277576e-01,-8.843542401997014357e-01,-9.195984825150189668e-01,-1.775451913989904318e+00,1.654032590303107231e+00,-2.498235777753891329e-01,7.825494512806135949e-01
9.560128374897536307e-01,-4.854704009588615976e-02,5.304405650495301883e-01,-4.670325272580814202e-01,-3.410795631215983725e-01,1.240038832921585232e+00,1.577523473834403722e+00,-2.713929011183898732e-01,-6.864952867270150971e-01,-5.610197007855284301e-01
7.875076063897832324e-01,7.076654744201206215e-01,6.035750757502560404e-01,-4.612550026760351418e-01,5.537174877652301097e-01,2.845357977476188974e-02,-9.064347752859954754e-01,7.428442808776188899e-01,5.477374677022984750e-01,-3.281544213974308954e-01
-4.684722680096953806e-01,-2.442946625288491269e-01,-5.703680752195579018e-01,9.422280917375671638e-01,-1.851022606384539193e+00,1.584209504241433031e+00,-3.836985779173752165e-01,9.610474994278288552e-01,-1.527140046684917207e+00,9.771333725815137816e-01
8.209577186845836705e-01,-1.521053665189535109e-01,8.567757253630576830e-01,-4.927465371805901384e-01,8.629372330811224678e-01,-3.844813668495655201e-01,5.921605512827404771e-01,-1.487717429655476542e-01,-7.088099688019675604e-01,1.477553677418523614e+00
4.523028127487220273e-01,-8.707541192779183481e-01,-1.970281538599472082e+00,3.752566793763871811e-01,1.345976450641915401e+00,-1.735393861787137559e-01,8.041295305520240744e-01,9.435619395714656132e-01,-5.386733610589017340e-01,5.879718270559005644e-01
-1.791269392055014897e+00,-3.375204640232080111e-01,-6.421500969391386038e-01,1.044227499131991754e+00,1.843502349377838412e+00,-3.846106212640191258e-01,2.998577378437695118e-01,1.796520563990496422e+00,6.507444796833142808e-01,1.050187629914995258e+00
-9.560442925155511196e-01,-1.050404240742657924e+00,-1.193219143946161021e+00,1.137948180688841404e+00,6.267429689903947221e-01,-1.278640925614218160e+00,-3.437287182903619454e-01,4.499079102998153612e-01,-1.736129391353945506e-01,-4.004921635102631217e-01
-5.258240572885612973e-01,-2.234267651571706648e-01,-4.083523214227676723e-01,2.137744098338268395e-01,-7.758108252260405291e-02,1.796681591849874984e-02,-4.546202788415102392e-01,1.148731255736342716e+00,1.319137097660965097e+00,8.599574159131693207e-01
6.860948913092775880e-01,7.849260443763949047e-01,-1.996811970773244571e+00,-7.410786241452340661e-01,-1.379404992359973603e+00,1.772583495430010814e+00,1.117470429201992133e+00,4.206349125491260638e-02,-1.733092538162997798e+00,-5.101866266693456664e-01
-2.484656626920667410e-01,-1.061216203282216775e+00,-2.286702622200279755e+00,-3.123951310885521582e-01,2.730160319779353917e-01,-1.693067796354311705e+00,4.974125182026182812e-01,-1.721749862873160675e+00,2.770957013592353579e+00,-3.187998434651699298e-01
-3.366016706888295268e-02,-3.801251822465796515e-01,1.114665625321315190e+00,1.196196203271901980e-02,-1.129828487838367979e+00,1.014608995657416690e+00,-3.761505344321907085e-01,1.197947844991001931e+00,7.386308435393288407e-01,-3.573254913494005591e-01
-1.162638619851464883e+00,-1.538501200600867147e+00,3.746117433984816336e-01,3.793925002263835999e-01,-4.913948141962161675e-01,4.336015110513944948e-01,1.693028452617750146e+00,3.252170194014112337e-01,-3.872824777580384792e-01,1.017437148887334608e+00
-1.020789227214463191e+00,-1.294906438189441289e+00,1.049041695430390941e+00,7.585372917473726107e-01,2.041631878652002685e-01,-1.696663586887843911e+00,1.521284928127074165e+00,1.669990022676520969e+00,7.953235712795371226e-01,-1.263822035370711916e-01
-1.020305500678644783e+00,-1.560121273802346664e+00,-7.710963837064195303e-01,1.809962931493355853e+00,2.129155068761274527e-01,2.633615853363514336e+00,-7.462276581959457200e-01,2.734805023644981126e-01,-4.214431913397229806e-02,-2.003715853781587342e+00
-4.052411694586633972e-01,-1.531215255953850655e-02,-2.674746579283395320e+00,-1.038918635030508852e+00,-2.323205891716538796e-01,2.738085026286721235e-01,-4.129946119994956644e-01,-5.319798285362503654e-01,-1.298865195005005857e+00,-7.529342826492660401e-02
4.663935228475556416e-01,-7.705408359328829171e-01,5.356598496399512799e-01,-4.596897173769348699e-01,1.222516917182907781e+00,-1.780840505188273859e+00,2.261208200144542227e-02,1.042582050791546644e+00,3.718175694182822011e-01,-9.264314910921599422e-01
1.136007243344031137e+00,-7.684049128649341753e-01,-3.902409164784307882e-01,-9.968890152912217584e-01,5.000980415095316323e-01,-5.399626858128230289e-01,1.073038551965698473e-01,6.532786940312652613e-01,7.165916885387206836e-01,4.349790584864258319e-02
-1.028656803249595963e+00,1.347557340075508758e+00,-5.531186542283020868e-01,1.081402967626012179e+00,-1.473562696807936945e+00,-1.183771111883192700e-01,-4.356055985030881650e-01,7.114956412609226843e-01,1.033178784371004078e+00,4.132031252034611968e-01
9.068908099495509578e-01,1.874014553742548106e+00,-2.335316547696173028e+00,1.587299740843213514e-01,8.016307228262766760e-01,-1.140121997366686291e+00,-1.433162940469602464e+00,1.966973981367579283e+00,4.027319633423183387e-02,-1.461524508049254045e+00
6.126784344047639941e-01,9.930436862437451717e-01,-1.108887681496950384e+00,-8.924818104308404054e-01,-8.208758978107907334e-01,-6.428911348681396465e-01,-3.365243916211506647e-01,-8.682440454893465276e-01,8.394530844487557708e-02,3.972058453822794877e-01
8.586180438532254877e-01,1.004192331238444313e-01,6.156349050357650121e-01,1.018446645339944334e+00,-4.927218562225984394e-02,1.971998517340169510e+00,1.989112436295151776e+00,-6.080390763479549543e-01,-1.025064778337861471e+00,-4.563579670528699062e-01
-6.328866959902641476e-01,7.630077234411160036e-01,1.443326501703780629e+00,1.929922829410539054e+00,-2.839163002160121518e+00,6.895942533572877453e-01,-1.075478208700243465e+00,-6.488028943096957324e-01,6.157798262205444600e-02,7.731448021053530795e-01
-7.103190439762877562e-01,4.978227462659695068e-01,1.881118316249282385e+00,-1.257564099360731769e+00,-1.075503453982440405e+00,-1.718725698465764229e-01,-6.327675365331473234e-01,-1.243436304918722479e+00,-1.277929063100339935e+00,1.720845406698202074e-01
-5.622947738580564847e-01,-9.968914549823396642e-01,3.406279300702493851e-01,2.748433809032285180e-01,1.043885251300868511e+00,2.514258769541535266e-01,-3.645681784001577053e-01,1.072150713667312072e+00,-1.085937202475142804e+00,-7.831924602442965622e-01
3.632536667480903425e-01,2.421669258041521999e+00,-1.503139732541130258e-01,6.802495419432764701e-01,-1.116566682801187205e-01,-2.046617982058622498e-03,1.556068659390573705e+00,3.100940475368494931e-01,1.002252057583209593e-01,-1.284932987095697143e+00
-1.172863091181170603e+00,-3.033417642353627638e-02,1.288734154203507121e+00,-1.952165307077343037e+00,7.403354818703798967e-01,-9.603864340063726912e-01,3.255855537522407972e-01,9.322374400622579493e-01,9.529403579494927223e-01,-9.787139239720619166e-01
-2.568239988326379120e+00,-5.132531848466186271e-03,-1.719433626743293253e+00,-9.833531302298925691e-01,-3.072272869916419791e-01,3.069390828152315787e-01,8.529329110450302176e-01,-1.110744177052395365e+00,-3.276481109763436983e+00,6.672275349420491164e-01
-6.686635057142550354e-01,-4.573556194058199798e-01,-5.243125958975317635e-01,-1.409227699824896041e+00,-2.849639717913326487e-01,1.118936606727098104e-01,6.984497714224702225e-01,2.331908691884983398e+00,-5.523391778398083485e-01,-6.405244649353640796e-01
-4.432028385694558037e-01,1.697333597091751800e+00,-1.269402539176747204e-02,-9.064385287299608907e-01,-1.675885713148586253e+00,2.013009652280881578e+00,9.952059957066952123e-01,-1.261787902463983091e+00,3.050316306451121839e-01,-1.280033445220718935e+00
-1.662465898343611914e-01,-2.313798881633054860e-01,-7.516679272670041545e-01,-1.157830432115025676e+00,1.754878107798345965e+00,4.488214542484990632e-01,3.771694511773640568e-01,-5.967184787310559901e-01,-1.760738265761005783e+00,-1.060120261546728893e+00
-1.055909992567470174e-01,3.528424470414496250e-01,-8.201990646747511216e-01,1.406063800286909471e+00,-7.160576262993398888e-01,-8.573751655954281459e-01,9.307454714493896830e-01,8.223573441645880555e-01,2.117568409048743439e-01,-2.812358378071499465e-01
5.035061175733988176e-02,-2.348266888852900802e+00,7.037734993968196573e-01,-4.786304182831628840e-01,-1.070382196533455205e-01,-3.580541504749795156e-01,4.599718264507333676e-01,5.349443483980712566e-01,2.030923542172936580e-01,9.542036755460354680e-01
1.685580674484612018e+00,1.048038738953428695e+00,8.268983586272553588e-01,-4.960587248246541292e-01,3.465646668447903145e-01,7.182745777710574098e-01,9.569259934902782927e-01,-7.218602239597909920e-02,-1.175447789489992151e-01,-1.329634593417312383e+00
2.857149886899428837e-01,-8.095521094123211414e-01,-5.096417997432456382e-01,-5.316919867053359061e-01,-5.153735361374727209e-01,-3.586061135227888025e-02,-1.817636791882585090e+00,-5.030159162428828740e-02,-1.201665251101345255e+00,1.082690452967030481e+00
2.019146784402088723e+00,-1.766187905263987279e-01,2.568651626314052971e-01,-8.157637078620650906e-01,-4.633135541728207185e-01,-1.232905253591652789e-01,-2.892635352026289297e-01,-3.223344287692131438e-01,7.969387001484314892e-01,-2.009156662153234407e+00
2.692167576543627594e-01,-6.539357035848466504e-01,-8.221998455387456717e-02,1.233736950666643351e+00,2.367114134113519619e-01,5.597903387454498114e-01,-7.316497548934132178e-01,-1.387386812838252048e+00,1.551880951420710586e+00,1.248624362848888225e+00
3.961467589837721071e-01,1.918379569568249066e+00,-4.049669369792924245e-01,-4.019738631286537411e-01,1.425390710862068477e+00,7.930461037342362296e-01,2.761467259041579525e-01,1.654256161819845028e+00,1.740152108692184063e+00,5.596798445004032008e-01
-4.652404337793212413e-02,-3.882088556209811747e-01,-2.757799196407709763e-01,3.678349659778440417e-01,-6.556130527460549695e-01,3.912403993326253604e-02,-1.305881895968881601e+00,-1.186822845950225469e+00,-1.193407673195108210e-01,4.120997983645124374e-01
-9.374409586882580248e-02,-2.184104553620980660e+00,2.203218688718524554e+00,2.061749600066087762e+00,-1.682213577721812348e+00,6.107626389704694514e-01,6.370538987963869637e-01,-5.857226734990499395e-01,-5.542410039712942771e-01,-1.153334875959030503e+00
-8.410680881633505468e-01,1.246782724714513568e+00,-2.104500118855291702e-01,2.478168213415297139e+00,1.737839601128883527e-01,7.302771344721645796e-01,1.733283531058646965e-01,-1.382974159091506339e+00,-9.006930973164793963e-01,4.608764231079024998e-01
1.980321213492554078e+00,-2.493688892969587456e-01,5.657409756491869057e-01,-9.905190967891652765e-01,-1.034300493502366081e+00,9.339540681982731740e-02,-4.005854422085059485e-01,1.463893459012359566e+00,-9.696429552039863564e-01,-8.794117773250779146e-01
1.207886974000612831e-03,7.525305019181349753e-01,-8.182465401447698294e-01,-9.051066493956012593e-01,1.904274347779443710e+00,-5.069153087547976222e-01,5.307853637947980152e-01,-1.890530643855529158e-01,-5.168680897796339435e-01,-2.527415183385322450e+00
5.189081851754026031e-01,-3.384805988549854927e-01,-8.156065991601538778e-01,1.247537327752431535e+00,3.698304688167512455e-01,5.193049973727958263e-02,-5.924757321657144749e-01,-1.815304062285800102e+00,1.923517124535448763e-01,2.289749860073166388e-01
3.264934965661644983e-01,-1.656801288229550473e-01,4.766253907582816973e-01,-1.725942797806487849e+00,7.891516763411338120e-01,4.699817958644342264e-01,1.615068251067036220e+00,-5.663348257852615086e-01,-1.196084401196247093e-01,-5.739320824907301333e-01
8.734929198858882859e-01,-9.419234795793161030e-01,-3.230516625906560413e-01,8.881844383582675473e-01,-1.125659905367793812e+00,4.639177776240302475e-01,1.012602892009835109e+00,-1.050715608039567872e+00,3.913370752727474700e-01,-8.906427079743564068e-01
-1.957734642575017059e+00,5.872986292582880186e-01,5.820734467305929694e-02,-4.868057607310430357e-01,-7.770728679623820634e-01,3.565497514648658384e-01,-1.093401359327845324e+00,-1.709492254508262199e-01,7.571018483395958176e-01,1.337666377308919019e+00
3.660680432231011583e-01,-1.038291666899796351e+00,-1.849964020002816956e-01,-1.366792707860216560e-01,7.250005668662985459e-01,1.422922000961741595e-01,-3.190746933534901242e+00,1.327577772557337221e+00,-3.134151679167782589e-01,1.008052388577846514e+00
1.307583463922315614e+00,-5.910892543820848166e-01,-1.464778849772371494e+00,-8.409350989076536109e-01,1.018230558361182370e+00,3.671755318927131806e-01,1.637295179271693213e+00,-2.145512380959718080e+00,2.936132441331434362e-01,-7.640819010644182008e-01
-2.035766685911140073e+00,-1.724525501121275950e-01,5.111401011484930645e-01,3.883867818757608115e-01,8.079398427399582250e-01,-2.847845987586583583e-01,-2.819957744446454639e-01,-4.080057969896969672e-01,2.452893969370581809e-02,1.542461568490446355e+00
-4.978912353558230253e-01,1.661502885151412201e+00,1.237790415538141175e+00,7.507281351608313669e-01,-1.747581233231086273e+00,6.365623446796703222e-01,7.467869862511721246e-01,-1.861108743431810764e+00,1.179318716397971478e+00,-7.010492668884895640e-01
9.525194409466039014e-01,-9.362457531290592216e-01,5.400654635495535372e-01,-1.940637018744896025e+00,-3.109063739913076052e-02,-2.085276003936918643e-01,-1.698387426812070222e-02,6.057723579208489778e-02,-1.053357098548215909e+00,-7.227503028922143136e-01
1.649560535392150529e-01,1.727483444073916186e-01,-7.442136075900452896e-01,-4.920131635384527025e-01,2.909541021975754482e-01,1.036840017985029450e+00,1.808806867174821198e+00,-2.270225154103392429e-01,-5.056686235437327093e-02,6.062785429732487907e-01
-7.226438010108486854e-01,-6.804460804612959546e-01,9.489879018213833728e-01,-6.540605955177296316e-02,-3.120782857396345866e-01,-1.985489740923708446e+00,-1.707011601020321789e+00,4.525235077824368290e-01,-3.646594131879788980e-01,3.952774079449978273e-01
-3.514643329540372840e-01,-5.851688695037270405e-01,-7.392491897042384741e-01,2.855942469662142158e-01,-4.037926064168465556e-01,6.715807775578690464e-01,-3.072665937399613467e-01,8.103556390369847165e-03,-1.757659767971378351e+00,7.495181032760740436e-01
-1.360204093833681460e+00,-1.173084538886610906e+00,4.309135220941927580e-01,-1.019489311960107614e+00,3.456464510385503508e-01,1.012994158315676962e+00,3.923233972809527237e-01,9.775245702741723886e-01,8.327954809150452942e-01,1.234857878715111434e+00
-2.782111667757290796e+00,-2.453918623613781103e-01,3.630161850705893034e-01,-7.050359054973834860e-01,-1.069442680053699135e+00,1.281048245811975184e+00,-8.667423910390567032e-01,5.054367912906496674e-01,1.699900580249241178e-01,1.310897818015920091e+00
6.942181955496652401e-01,1.597043723962839057e-02,-9.917700622345485550e-01,3.009565685770349552e-01,-5.416329306655260911e-01,8.066292166739208458e-01,8.172966855487578952e-01,-2.796666333821850703e+00,8.938387509640733919e-01,1.611869452297708116e-01
1.747896798465811363e+00,3.129616184268661505e-01,2.861037296460094970e-01,-1.468226846670785957e+00,-5.861506707046492126e-01,1.207483145613965414e+00,-3.912601951555526036e-01,-9.470279270118420190e-01,-1.916266968111332458e+00,6.456143896949982919e-01
1.410802909703469776e+00,-2.010036342096492568e-01,-1.452999451938208786e+00,2.005173226574341883e-01,-6.929527121298287851e-01,5.032442092247375598e-01,7.386969489785700886e-03,-1.227864282181168720e+00,5.078846596641699573e-01,3.925262627127700799e-01
2.293846348505905186e-01,-6.216255747333259141e-01,-1.709428713661585775e+00,-1.729817936772902520e+00,7.837939876486632595e-02,-2.218646370882208174e+00,-3.413518957943262877e-01,-9.843665770562437523e-01,-1.669972290605195586e-01,7.540269898644497149e-01
4.708409509689696071e-01,1.354274309603670456e+00,-2.923758836473299705e-01,-8.113067592148011098e-01,4.037667078712592894e-01,-9.769885238154019103e-01,1.782376069738392244e-01,1.670288012971090641e+00,3.516361309250110034e-01,1.569027770010189560e-01
2.121688063735609475e+00,1.226095537710797156e+00,5.065392814199105587e-01,3.913368220300576517e-01,2.049193833469534098e+00,-3.742380284870194251e-01,6.987668606551731276e-01,-3.049136874469656755e-01,-1.250079397708403706e+00,-8.882270545372741299e-01
2.875238156129221734e-01,8.243769021036326250e-02,2.142817537779562187e+00,-1.439888935340221332e+00,1.990903943995068648e+00,-5.919752108332444474e-01,3.751766378757548925e-01,2.206132971266987930e+00,8.183058786040172672e-01,-1.779241679634010476e+00
1.513878241511446454e+00,-3.556629211293929060e-01,-2.647126119138711875e+00,8.840973643828703432e-01,-6.202271113417948678e-01,5.351683713098370765e-01,1.171108429556409813e+00,-9.773827403304822248e-01,6.083086940871396120e-01,9.112094609985968430e-02
-1.912508432141419856e+00,2.776649980281399865e-01,2.091481844095872233e+00,9.458158616236513050e-02,-1.566985787346604209e+00,-9.287346289611961847e-01,6.702493702448647506e-01,-9.059165914710931578e-01,-9.534330152448007925e-03,-7.037818326989008291e-03
1.370325562655976492e+00,-8.522312533370391963e-01,9.844988490487983634e-01,3.988654089511648460e-01,-1.591549301828841800e+00,5.860384587386624489e-01,1.215240000685633648e+00,1.585205780602626513e+00,4.161597562389377503e-01,4.663516756981758715e-01
1.532298394134502972e+00,4.712120885287753858e-01,3.857027360047876052e-01,2.538082633428666579e+00,7.818625292512143554e-01,-1.162259017284495988e+00,4.922151497064202186e-01,-2.341183955388869364e+00,7.372737763793333343e-01,5.425260947136920642e-01
1.618777636255076757e+00,3.427854669027988188e-01,2.100450496047256088e+00,-1.360911098414383513e-01,1.202376849770679712e+00,-1.362699454910420993e+00,-2.687070769778173940e+00,9.601042208886242380e-01,-6.059610917768968458e-03,5.088913206055750704e-01
-4.869625345620795520e-01,6.601990653052792757e-01,-1.284564656019899775e+00,1.781436329494197057e-01,-4.304349082194465770e-01,-1.479187822617014092e-01,-5.384788142501431008e-01,-7.870405113962146704e-01,5.114610235535249627e-01,-1.304910691602901407e+00
-4.517558355005408255e-01,-3.058861654498375993e-01,1.561952808462076403e+00,1.169912930399612749e+00,-8.904655615060466101e-01,8.605570259580530568e-01,1.452016775786060920e+00,2.750779165746577437e-01,-1.197408002507831387e-01,1.243256596176774142e-02
-6.328990314227723735e-01,2.060045103138873124e+00,-2.962611481983732364e-01,6.462983975453761021e-01,1.775798455090012995e+00,2.860867937283074758e-01,6.337107215546535777e-01,7.380527072524895038e-01,6.543549333640362731e-01,-1.531524359772366839e-01
5.058714742570705747e-01,-1.248088516498665479e+00,1.138404583421907867e+00,-1.202549244446866394e+00,1.291709067694463364e+00,8.860375836851617226e-01,-5.462338266212276583e-01,-4.122279239140304585e-01,-3.310928151104859385e-01,-2.099700619044330363e+00
2.127755075496020887e-01,1.121276357616027175e+00,1.282552909897100912e+00,-9.749260822654087777e-01,-1.250170802198642628e+00,2.978138849828826373e-01,3.912857606431998092e-01,1.202777634307797605e+00,3.712772957708581623e-01,3.336562074989973814e-01
9.513988018088689325e-01,5.406270128305937922e-02,-1.830732575589134603e+00,3.683951819493032076e-01,7.517710060831842567e-01,3.797238734427011569e-02,9.431378717480554119e-01,7.987232134400936712e-01,-8.587190245538989242e-01,-2.299506904721753120e-01
5.032256141585640385e-01,-8.142557272478928576e-01,1.496114469499669530e+00,6.330663177885802462e-01,9.048915725232951068e-01,-4.706190940904769193e-01,-8.025562666793406574e-01,-9.956787099143978859e-01,4.901642095927619125e-01,1.400455052750034790e+00
5.517662176603217450e-01,-8.838072344656744406e-01,-2.143805970568694597e-01,6.028210701479939093e-01,1.452470910565016426e+00,9.976590473190598274e-02,7.801965651973576943e-01,-7.135744300686932551e-01,2.417716244584843521e-01,1.781591059521590859e-01
8.422625447103820884e-01,2.183355277119649607e-01,-3.226634174546046951e-01,-1.033983115185253210e+00,-1.799925314462340387e+00,-7.759412987290564834e-01,1.061503564136020289e-01,8.354491047891970945e-01,8.429573392760157935e-01,-3.771317930076276692e-01
-1.799154087532583435e-01,-1.286376078142552171e+00,3.489085923106864384e-01,1.376836859887782927e+00,1.270166614978019304e+00,-1.521919947479207780e+00,2.013294594153503425e+00,-5.015065410430866732e-01,-1.028123629392365235e+00,3.377821640907718859e-02
4.772579250938508433e-01,-1.939451616325281735e-01,5.736493998707740127e-01,-1.038059950200183712e+00,-2.426258006138576617e-01,4.942629203116035708e-01,-1.059811095614595633e+00,-8.598284908793720760e-01,1.551315271055795364e+00,-1.098603214825243368e+00
-7.586966149398094439e-01,-2.569409578544600836e-01,3.609466735792179470e-01,-1.636395921943974541e+00,-2.240034517431328531e+00,-3.744482078794313384e-01,-1.466107517794955073e-01,-4.131080606558854007e-01,8.672677342781247578e-01,2.602961625760380482e-01
-7.332327516033678716e-01,-2.966961388901537267e-01,1.579605875694931827e+00,3.376089517720339273e-01,-6.967308585261657028e-02,8.079964604334140266e-02,3.475197849121907517e-02,-3.748332764350397195e-01,9.474707200346758063e-01,8.111245459969492755e-01
-1.312594542676965625e+00,-1.014303679855720786e+00,1.346271670428746292e+00,-3.241750067422933396e-02,1.571498861333940622e-02,-1.335455501074024331e+00,1.199731044078432785e+00,2.955115974987244098e-01,-1.270604316810686640e+00,-7.957680949814178728e-01
-4.131299610418075197e-03,2.010880122859084906e+00,9.416578720368036226e-01,8.328586096399118732e-01,3.014457095909846562e-01,5.091123278066037594e-01,-4.758046494004176674e-01,-2.123318307005078065e+00,4.403712260948514645e-01,3.445951829410773271e-01
-5.979657134052506207e-01,3.084544111699584201e-01,1.946161500970545744e+00,-2.772170797584665447e-01,1.723189994744296349e+00,9.179499907876986775e-01,-7.790262062821324829e-01,1.746450318477642982e+00,-2.590107843067132265e+00,2.010840911317059554e+00
-1.998470471290471728e+00,6.551620393944733722e-01,1.110670596987775177e-01,1.045420823270593713e+00,-1.398033389959644435e+00,-9.742854774148659303e-01,-1.062860843077285011e+00,1.016187577632748029e+00,7.491188470738072702e-01,-6.788167084757148473e-01
7.151684967981432328e-02,-1.041236448691692074e+00,1.124726941647839817e+00,-6.690528812541172154e-01,-1.306673871799017284e-01,-1.418712891302507995e+00,1.402656999657593051e+00,-2.517996050249511342e-01,-1.254920714269378845e-01,-4.924984756459474533e-01
-4.664033438889268468e-01,-9.604013440090803932e-01,1.468802516268508329e+00,-2.058224185505002080e-01,-1.330292338353949166e-01,4.351038919256374204e-01,2.197026911593367993e-01,-5.203846326531026412e-01,3.818941893373631324e-01,9.925562972597021805e-01
-4.708079844553769711e-01,1.988812633499187355e-01,1.880223122090093624e-01,-1.386541494726270196e+00,-7.315832395743482319e-01,-7.065671145691747590e-01,4.153077343528979171e-01,-1.674492485624109739e-01,1.314948215055494085e+00,7.691940018556001069e-02
1.231548263556659917e+00,1.352291711132460328e-01,1.527101328764956856e+00,1.445866705351704695e+00,7.911571348976191576e-02,2.559851525623466628e-01,6.950826496973572244e-02,6.962574624887217789e-01,2.307936540208907761e-01,-1.094030649093185925e+00
1.200165416124771900e+00,8.740914310588717706e-01,5.227337896428260189e-01,-2.667610120909884031e-01,-5.515283655975004029e-01,8.389448924715589007e-01,5.226198894596699729e-01,-3.259687262022648024e+00,-5.735872387447822351e-01,-9.939337139643454888e-01
-1.754514098180512682e-01,4.741466791284904558e-01,1.229419032315656857e+00,1.739086733706791899e+00,-1.855218573595683873e-01,-6.807621238967821453e-01,-3.408187690121433633e-01,-3.766083286725713797e-01,5.621312058145937485e-01,-5.998244479380083760e-01
-1.071411851070392718e+00,4.157281375097675036e-01,-8.535809951494551795e-01,-4.483580839184199140e-01,5.858327087540730060e-01,-4.439306639839156188e-01,9.532564915114835058e-01,6.447458986909500311e-02,3.508704370139835715e-01,-2.258724741850490325e+00
